   1      "ao-r+ah"    1    1.010901   8.666146   1.006732
   2      "ao-r+iy"    1    2.054878   1.957496   3.048270
   3      "ao-r+jh"    1    1.004907   2.012532   2.015305
   4         "t+uw"    6   14.131431  23.251293  13.512751
   5      "ah-w+ah"    1    1.000029   1.133568   1.000002
   6      "ah-w+eh"    1    1.112194  11.259727   3.291822
   7      "ey-w+eh"    1    6.999076   8.996026   1.006124
   8         "t-er"    5   83.498970  33.871826  39.445736
   9       "d-eh+p"    1   12.147724   5.479499   3.338064
  10         "t-uw"    6   40.101467  50.944317 142.401321
  11      "iy-d+ah"    1    0.999976   1.599058   2.997640
  12           "ow"    5   31.513849  93.189384  71.209183
  13           "sp"  245  2933.816162
  14         "aw-n"    2    7.005322  21.892532  16.380741
  15         "aw-t"    3   12.101297  29.499973  57.759651
  16      "m-ey+sh"    2   13.039643  12.382428   3.680888
  17       "g-ih+f"    1    1.000015   9.894425   4.095891
  18         "ay-n"    5   25.923119  37.932587  28.995735
  19         "ay-t"    4   16.633600  42.638775   8.540396
  20         "ay-v"    5   16.881296  15.498748  60.377148
  21         "ay-z"    1    3.182995   1.951308  15.370910
  22      "ae-k+ch"    1    0.999998   0.999998   0.999998
  23       "n-f+ao"    1    2.970464   1.109314   1.004065
  24       "n-f+er"    1    4.877007  11.115341   5.572662
  25      "er-iy+m"    1    1.000308   1.192994   1.102109
  26      "y-ah+ng"    6   17.352892  42.830265  55.833851
  27       "m-b+aa"    1    0.999956   1.062879   2.334190
  28       "m-b+ah"    2    1.999902   2.000474   2.561925
  29       "f-g+ae"    1    6.996061   7.997382   3.000558
  30         "l+ae"    1    5.998967   0.999950   5.419773
  31         "l+ah"    1    4.952344   1.481213   5.869210
  32         "l+aw"    2    7.666352   9.912355   8.526731
  33         "l+eh"    2   13.865408   9.777697  12.207735
  34         "l+ih"    2    6.000497   2.001135   7.814371
  35       "b-ey+s"    1    2.001568  17.424395   2.570425
  36         "l+ow"    1    4.397741   1.099757   3.083216
  37      "ch-ah+w"    1    2.150085   1.000003   1.000028
  38         "l-ey"    1    4.000339  23.719866   7.277367
  39         "l-ow"    2    3.051880  45.366882  14.752441
  40       "g-ae+n"    1    1.000180   0.999932  19.981329
  41       "g-ae+t"    1    0.999998   1.000318   3.992434
  42     "ah-dh+er"    1    3.081933   1.989560   0.999948
  43        "k-s+f"    1    2.992439   4.745939   4.705343
  44        "k-s+p"    1    2.952816   5.026373   8.176452
  45        "k-s+t"    1    7.086312   3.188159   4.881129
  46      "ch-iy+v"    1    2.633209   4.858238  18.528723
  47      "jh-ah+n"    1    1.000368   1.650861   1.782109
  48      "jh-ah+t"    1    0.999982   1.000041   1.005859
  49       "g-ah+z"    1    1.003416   4.889103   1.307539
  50      "ih-s+ah"    1    2.900089   7.932095   2.964466
  51       "d-ey+l"    1    2.663507  14.739633   5.227228
  52       "d-ey+r"    1    2.005435  11.219216   4.884045
  53       "d-ey+t"    1    7.367029   1.544856   1.787104
  54      "r-uw+hh"    1    0.999946   0.999957  21.116335
  55        "th-ah"    1    3.008094   8.472178  10.508811
  56       "k-ih+p"    1    3.974428   9.752210   6.219506
  57      "er-ay+z"    1   14.113460   4.239940   7.948270
  58      "l-eh+zh"    2    1.999953   2.001845   2.000626
  59      "g-er+ih"    1    2.390630   1.008109   0.999984
  60      "iy-m+ae"    1   14.011950   1.012297   3.814669
  61      "iy-m+ey"    4   11.727082  29.258512  10.988979
  62        "n-d+z"    1    0.999986   3.983803   1.004476
  63         "d+ae"    2   28.543655  13.778077   6.258873
  64         "d+aw"    1    6.892932  10.153846   6.925984
  65         "d+ay"    6   28.968063  34.791100  32.640324
  66         "d+eh"    1   25.403881   9.998721   5.047711
  67         "d+ey"    2   22.575289  17.384504   7.092299
  68         "d+ih"    3   51.925819  21.779032   6.855749
  69      "ah-g+eh"    2    7.038037  18.168526  30.304932
  70      "aa-l+ah"    2    5.388854  11.576074   4.985328
  71       "k-aa+l"    1    0.999883   1.000265   1.004207
  72       "k-aa+m"    1    1.000921   0.999960   6.111503
  73       "k-aa+p"    1    2.664314   5.859309   4.370332
  74      "aa-l+ih"    1    5.581856   8.429362   4.962257
  75      "aa-l+iy"    1    1.004927   0.999839   1.960724
  76      "er-l+ih"    1    5.083942  12.969718   5.941802
  77      "uw-t+ao"    1    3.886836   2.776582   5.307455
  78      "uw-t+er"    6   16.144991   7.586675  19.501856
  79         "d-er"    2   32.639072  15.175043  22.820887
  80         "d-iy"    1    2.994520   6.769810  19.185957
  81       "r-uh+k"    1    1.000014   8.449847   7.536219
  82      "ae-t+ah"    1    1.000348   0.999973   0.999973
  83      "ae-t+er"    1    2.190085   2.756815   8.848999
  84       "m-ih+d"    1    3.030878   8.008670   6.095854
  85       "m-ih+n"    1    2.031664   5.970674   2.029053
  86      "l-ey+er"    1    6.905521  11.197098   8.304958
  87       "r-w+er"    1    0.999870   0.999871   0.999962
  88       "l-eh+k"    1    1.375776   4.395625   2.253715
  89      "g-ah+th"    1    1.000955   3.504489   3.381889
  90       "k-ah+l"    3    5.822835   4.276306   5.898639
  91       "k-ah+m"    5   11.469279  13.921586  10.267197
  92       "k-ah+n"    1    2.299690   8.223615   3.771267
  93       "k-ah+p"    1    1.244572   3.705864   5.096346
  94       "s-b+oy"    1   10.084663   1.026146   3.026022
  95       "l-g+er"    1    6.416164   5.922993  19.193771
  96     "eh-zh+er"    4   50.752174  77.290184  21.468040
  97       "p-uw+d"    1   26.830219   6.987470  18.341631
  98     "ey-zh+ah"    1    1.000538  19.940441  13.953661
  99      "n-ch+er"    1    1.008330   7.009334   8.909909
 100     "ey-zh+ih"    1    0.999920   2.121398   0.999914
 101       "b-y+uw"    1    2.083638   4.262175   4.000579
 102       "t-w+eh"    1    6.939444   7.242404   1.003223
 103       "t-w+ey"    1    6.051308   9.895334   1.000011
 104       "m-ae+n"    1    1.008138   1.029109  17.213772
 105       "n-eh+k"    1    9.824882   5.076097   1.095325
 106      "aa-d+iy"    1    0.999844   1.039986   3.045523
 107        "n-s+d"    1    4.763497   4.992682   4.780304
 108        "n-s+t"    1    4.566369   3.615097   4.789474
 109        "n-t+r"    1    0.999948   0.999938   5.345414
 110      "ae-l+ah"    1    5.351416   3.990112   3.065615
 111       "m-ah+n"    1    3.363602   1.263679   3.058571
 112       "m-ah+t"    1    1.017100   8.253236   1.013226
 113       "m-ah+z"    1    1.094267  17.258434   1.643390
 114       "k-ao+l"    5   21.266384  17.323832  25.118279
 115      "ah-ng+k"    1    1.000054   1.983758   0.999982
 116       "g-l+ae"    1    4.955301   1.000703   3.351074
 117      "eh-v+ah"    5    8.494054  10.223729   8.583341
 118      "iy-v+iy"    1    3.504740   2.797529   0.999825
 119      "uh-r+ih"    1    1.013074   7.713466   5.401533
 120      "l-hh+eh"    1    8.528727   3.644991  15.795209
 121         "m+eh"    3    9.514185  22.850784  11.388902
 122         "m+ey"    1    1.513474   1.177623   3.395137
 123         "m+ih"    2    3.949588   4.884905   3.813209
 124     "ah-th+ah"    1    4.332113   3.928444   1.001676
 125     "uw-ey+sh"    1    5.937873   7.706809   1.985192
 126      "ah-p+ah"    1    7.497739   1.095617   2.018397
 127      "ah-p+er"    1    2.206540   2.086766   6.683150
 128      "f-er+th"    1   17.501057   5.109533   1.000073
 129       "aw-n+d"    1    4.710221   1.017583   0.999970
 130       "aw-n+t"    1   10.298912   2.018490   0.999917
 131       "l-ey+n"    5   23.149828  67.345421  24.015079
 132       "l-ey+t"    1   11.475021   1.005394   1.960200
 133       "k-aw+n"    1   10.163269   7.145375   7.499434
 134       "s-ih+k"    5   16.651886  35.125343  28.955610
 135       "s-ih+n"    1    2.519615   6.465145   9.534944
 136       "t-uw+t"    1   24.507521   8.937375   0.999883
 137      "m-er+sh"    1    8.961311   3.037219   0.999891
 138      "ih-t+ah"    3    6.362262   3.999471   4.944628
 139      "uw-d+ah"    1    0.999882   3.627954   3.030940
 140       "r-eh+d"    1   12.429469   4.467087  11.154556
 141       "s-k+aa"    1    0.999840   1.999670  22.996630
 142       "s-k+ih"    1    1.031184   4.993034   1.025188
 143      "ae-d+ah"    1    0.999905   6.047553   3.889860
 144      "eh-n+ah"    1    9.963388   1.014550   1.000338
 145      "eh-n+ch"    1    1.002753   1.001469   1.000014
 146      "eh-n+ih"    1    0.999982   0.999983   1.296560
 147       "s-aa+f"    2    7.826912  14.097110   7.106861
 148       "s-aa+l"    1    3.880997   1.004773   0.999847
 149        "d-s+t"    1    3.764883   6.237626   5.838277
 150       "p-er+v"    1    8.061218   2.816166   0.999888
 151     "aa-hh+aa"    1    1.000440   1.000971   6.227115
 152      "ae-sh+b"    1    5.002243   7.115351   2.822657
 153      "aa-m+ah"    1    1.962348   2.041995   2.367762
 154       "s-ae+d"    1    2.039463   1.682899  14.255038
 155     "uw-hh+aa"    1    4.002333   2.788575   1.219250
 156         "th+r"    5   27.654554  25.142405  66.026588
 157       "s-ah+n"    1    2.711132   7.758687   1.394481
 158         "v+aa"    3    3.808082  11.118653  26.390371
 159         "v+ae"    1    1.009282   1.068542   1.000536
 160      "ih-l+er"    1    7.187524   4.913407  10.897772
 161      "ih-l+ey"    1    4.949606  10.098899   6.939565
 162       "b-oy+z"    1   15.999564   6.908262   4.237761
 163      "ih-l+ih"    1    4.000127   0.999912   3.981354
 164      "hh-ah+l"    1    1.015838   3.915902   1.051763
 165      "ih-l+ow"    1    6.185132  17.542137   0.999867
 166        "zh-ah"    2    2.000169  17.923326  67.810547
 167        "zh-er"    4   48.488396  22.879286  20.439247
 168      "th-r+ay"    1    5.059411   3.684500   3.598997
 169      "th-r+iy"    5   31.298080  13.512360  22.494249
 170      "k-hh+ey"    1    6.051686   6.827774   9.198279
 171       "v-eh+l"    1    3.067855   1.135658   1.005144
 172       "v-eh+n"    1    8.551113   3.896946   1.012027
 173      "v-iy+ah"    1    2.016284   3.922619   5.085328
 174       "t-er+z"    2   30.169924  10.371448   1.999861
 175       "r-ey+d"    1    6.512526   0.999978   4.000554
 176      "uw-m+ah"    1    2.229348   1.095815   2.525083
 177     "ih-dh+ah"    2    1.999943   7.036390   1.999944
 178       "s-t+aa"    2    1.999874   3.920298   3.983451
 179       "s-t+iy"    6    7.419598  13.665901  25.756790
 180       "l-y+ah"    1    6.501371   6.071023   6.005225
 181      "l-er+ey"    1    3.816479   1.008037   0.999973
 182      "l-er+iy"    1    2.939454   1.767621   0.999919
 183       "l-y+uw"    3   18.581114  16.968916  31.285559
 184        "ch+oy"    1    9.904844   9.727736  10.265044
 185     "ey-sh+ah"    6   29.088894  49.367115  20.620771
 186        "ch-er"    2   29.005562   9.857279  35.200691
 187         "n+ay"    5   19.932095   6.969578  18.826523
 188       "f-ow+n"    5   21.446676  76.944664  23.949448
 189         "n+eh"    1    3.471465   4.527792   4.008405
 190      "ih-d+ah"    1    0.999997   1.167537   2.727008
 191         "n+iy"    1    0.999999   2.384280  26.980785
 192      "ao-l+dh"    1    0.999991  13.123471   7.256864
 193       "w-ah+l"    1    1.000000   1.000001   1.000000
 194       "w-ah+n"    5   16.854536  11.577329  19.602530
 195       "t-ey+t"    1    3.274715  20.995979   1.754747
 196      "er-v+ae"    1    1.010907   4.142814   1.026788
 197      "hh-aw+t"    1    3.321844   5.688807   5.986757
 198       "n-y+ah"    1    3.058156   9.050693   1.000764
 199       "s-ay+k"    1    5.943931   3.753725   6.318845
 200       "s-ay+l"    1    6.358097   4.977319   5.689543
 201      "ih-sh+m"    1    4.406438   4.791679   4.878877
 202      "ay-k+ah"    1    0.999827   8.941753   7.033202
 203      "n-ih+th"    1    1.696520   1.000049   1.001020
 204       "b-r+ay"    2    7.499372   7.896790   4.828925
 205       "b-r+ih"    1    3.099434   3.476845   3.373541
 206       "w-iy+k"    1    3.072912   2.894429  10.076715
 207       "b-r+uh"    1    2.114693   1.000212   0.999989
 208       "b-r+uw"    1    1.876875   1.007422   0.999953
 209     "hh-aa+hh"    1    1.015367  11.158568   3.347677
 210      "d-ih+jh"    1    2.367988   5.015873   3.771921
 211      "d-ih+ng"    1    2.970874  14.133167  22.928465
 212       "y-ah+b"    1    1.001096   1.000418   2.984300
 213       "y-ah+l"    1    1.016429   1.105794   2.989285
 214       "y-ah+t"    2    3.002665   2.000000   2.001762
 215       "p-y+ah"    2    2.893844   3.128254   2.013645
 216      "uh-k+eh"    1    0.999986   1.080547  16.986937
 217      "n-iy+zh"    1    2.975710   1.097489   6.901412
 218       "p-y+uw"    5   12.883614  18.769854  11.099711
 219      "uh-k+hh"    1    0.999992   0.999992   4.010136
 220         "f+ao"    7   48.899635  82.074837  16.522163
 221         "f+ay"    5   32.600780  75.896729  29.576567
 222         "f+iy"    1    1.186502  12.258886   1.000677
 223         "f+ow"    5   21.101044  43.977615  16.059517
 224      "ay-ah+l"    5   10.506241   7.693683   8.089227
 225      "ay-ah+t"    1    1.001198   2.323075   1.025216
 226         "uh-d"    1   11.811220   1.000045   0.999943
 227      "aw-t+uw"    1    5.773841   4.829836   6.382267
 228         "w+ah"    5   22.562416  58.812698  50.469154
 229         "w+eh"    2    7.864761  14.055676   2.460289
 230         "w+iy"    1    5.815676   6.183798   0.999913
 231         "w+uh"    1    4.011155   5.885459   0.999983
 232      "ah-z+ey"    1    2.959797   4.676958   7.313630
 233       "s-d+ey"    1    0.999917   7.371515   3.353755
 234       "l-ow+n"    1    0.999987   1.000034   2.238106
 235         "w-ey"    1    5.058181  20.938988   7.978606
 236       "z-ey+b"    1    2.046638   0.999925   3.962269
 237     "ah-ch+iy"    1    1.988715   9.043876   7.958431
 238      "w-eh+dh"    3   28.464277  19.938791  42.517651
 239      "ay-t+ah"    2    3.987113   1.999880   1.999880
 240      "ay-t+ih"    1    3.788912   4.388676   6.597731
 241        "sh+ae"    1    6.531092   2.463467   2.207765
 242        "sh+ow"    1    2.823956  15.804932   4.649623
 243          "b+l"    1    3.508831   4.263085   3.735682
 244          "b+r"    5   17.659960  26.444380  16.042658
 245        "sh-ow"    1    8.291306  23.777700  11.388087
 246      "l-dh+ow"    1    0.999980   1.001419   8.997794
 247          "d-z"    2    4.907071  17.391922  23.601555
 248        "ow-er"    1   10.719520   7.168806   6.212325
 249          "g+l"    1    4.840567   3.187839   0.999789
 250      "d-ae+sh"    1    1.648156   1.891872  13.107429
 251         "uw-b"    1    1.018270  12.980910   1.000021
 252         "uw-m"    1   30.771191   0.999936   0.999936
 253         "uw-t"    1    6.421973   7.120274  20.614475
 254      "ey-r+iy"    1    1.007510   1.485168   3.229162
 255          "k+r"    4   73.950729  10.939777  32.992027
 256          "k+w"    1   21.063206   1.063966   1.000242
 257          "k+y"    4   55.265671   6.001901   5.242261
 258          "k-s"    6   25.117544  50.913021  26.794256
 259      "ay-l+ah"    1    4.065526   3.817262   2.882659
 260          "l-p"    2   32.244286   4.925375   5.164645
 261          "l-t"    1    1.000944   9.153403   1.169508
 262          "l-z"    3   11.793591  25.551064  50.315521
 263      "sh-b+ao"    1    8.919153   0.999819   2.136037
 264          "m+y"    1    1.000138   5.658405   2.005343
 265          "m-z"    1    3.887890   5.113751   5.390806
 266          "n-d"    3   16.859472   2.999813   6.818520
 267          "n-s"    1    3.480201   6.785757   9.587095
 268          "n-t"    3    4.987249  18.055696  37.552113
 269      "ih-v+eh"    1    0.999977   0.999879   0.999879
 270     "ih-jh+ah"    2   11.676003   9.522789   9.577220
 271          "p+l"    2    2.019207  19.843962   4.113905
 272          "p+r"    1    1.001205   1.839683   2.130902
 273          "p+y"    2    2.004109  14.991877   3.093030
 274       "l-r+ay"    1    6.729426   1.089587   1.000503
 275       "uw-m+y"    1    0.999928   0.999928   0.999928
 276        "ih+sh"    1    3.751788   6.245721   1.808137
 277         "eh+r"    2   28.493645   2.111567   2.000562
 278         "eh-d"    2   46.330647   6.300457   4.681149
 279         "eh-l"    1    5.690187   9.125486   8.225743
 280         "eh-r"    1    1.000019   1.001122   1.003914
 281         "eh-t"    1    1.073080   7.606621  21.969816
 282      "aw-d+er"    2    1.999845   6.037394  11.964922
 283        "m-p+l"    2    7.015028   6.749427   6.176065
 284        "m-p+y"    5   15.520037   9.415109   8.782143
 285          "r-d"    1    5.609785   1.001145   1.227261
 286          "r-t"    1    3.721041  10.552956  19.716904
 287      "eh-p+th"    1    5.981304   1.977542   1.179192
 288       "r-ow+b"    1    0.999973   0.999842   1.002884
 289        "ih-ng"    5   39.284954  35.704132  45.154346
 290      "uh-l+hh"    1    1.000397   7.142398   4.990182
 291          "s+k"    2   30.011250   8.054374  13.040897
 292          "s+t"    8   56.778549  43.173786  35.028736
 293          "s-t"    3    4.962930  10.143901  37.995033
 294        "ih-sh"    1    6.410654  22.781616   3.673185
 295        "ih-th"    1   14.032956   4.966937   1.007381
 296         "g+ae"    1    3.962386   8.075856   7.970506
 297         "g+ah"    1    5.025608   7.550058   8.839620
 298         "g+ey"    1    6.931989  10.011055   3.198185
 299         "g+ih"    1    3.685709  10.227901   1.000595
 300          "sil"   80  1932.416748 2933.816162 240.725220
 301       "b-ih+k"    1    5.859846   8.948706   5.319586
 302       "b-ih+l"    1    2.962204   2.130618   4.646168
 303       "b-ih+t"    1    2.443792  12.004786   1.731351
 304        "iy-ah"    3   14.791142  53.719948  28.248423
 305       "m-n+iy"    1    3.408785   1.006471   1.023550
 306      "ih-n+iy"    1    0.999962   0.999962   0.999962
 307       "b-aa+d"    1    2.078516   9.694293   8.279725
 308       "b-aa+k"    1    2.008800  11.288202   5.366749
 309       "b-aa+l"    1    5.431740   8.339455   6.639347
 310         "er-d"    1   21.842245   1.008615   2.077255
 311         "er-z"    2    7.240087  14.977934  26.897575
 312      "ih-n+th"    1    1.210568   3.259337   1.052565
 313       "d-ih+l"    1    2.999331   4.920407   3.078978
 314       "d-ih+v"    1    1.570527   1.419080   0.999889
 315       "p-r+iy"    1    1.900580   0.999881   2.997148
 316       "b-ae+k"    1    1.708317   1.000075  14.904722
 317       "b-ae+t"    1    1.799883   1.018391   2.930495
 318      "ah-b+aa"    1   17.931791   0.999851   1.641450
 319      "ah-b+ah"    1    1.007296   0.999838   2.999741
 320      "ah-b+aw"    4    6.520874  43.543358  15.999759
 321      "ah-b+ey"    1    1.012281   2.974283   3.021844
 322      "ey-b+ow"    1    1.000538   5.793227   2.654310
 323     "er-zh+ah"    1    0.999946  18.944492   5.038398
 324       "d-aa+m"    1    1.017607   2.503966   7.319624
 325         "ey+t"    5   39.500858  61.455372  17.418880
 326       "b-ah+l"    3    5.249630   2.999876   5.131875
 327       "b-ah+n"    1    2.607284   2.807507   2.068668
 328       "b-ah+s"    1    2.042081   8.973619   3.525614
 329         "ey-d"    2   24.089827   1.999765   2.423008
 330         "ey-l"    3   20.526701  25.603981  25.991167
 331         "ey-n"    5   21.419134  41.970860  78.988983
 332         "ey-s"    1    3.110752  21.268850  14.567318
 333         "ey-t"    6   12.859212  50.107269  85.227631
 334       "k-w+ay"    1    4.073618   7.966371   1.001147
 335       "d-ae+n"    1    1.119504   0.999924  15.019223
 336      "sh-ae+m"    1    1.006889   1.398371  13.386708
 337       "b-iy+t"    1    1.929421   1.885613  11.209404
 338         "p+uw"    1    1.083873   1.000178   0.999928
 339         "p-er"    1   12.670189   5.328369  18.464327
 340       "d-ah+l"    5    9.004295   6.439226   8.663499
 341       "b-ao+r"    1    1.983021   2.048659  10.044881
 342      "sh-ah+l"    1    1.202321   5.238006   1.018623
 343      "sh-ah+n"    7   14.803876  21.777374  24.113195
 344         "p-th"    1    1.043336  27.812672   1.007386
 345       "t-r+ih"    1    5.132300   0.999900   1.009030
 346       "t-r+iy"    1    9.111016   0.999936   1.002903
 347      "jh-eh+s"    1    9.125376   1.989021   1.460352
 348       "g-eh+n"    1    1.008690   2.443059   1.623310
 349      "n-ey+sh"    1    3.067312  10.856896   2.069620
 350      "zh-ah+n"    1    1.000101   1.579863   2.435565
 351      "ae-g+ah"    1    5.653757   5.008578   4.855596
 352      "er-ey+d"    1    1.505469  10.656640   5.759490
 353       "b-aw+n"    1    2.917442  10.257343   4.361851
 354       "b-aw+t"    3   51.533039  16.165930  16.196190
 355      "ah-k+aw"    1    8.468490   2.009854   7.811784
 356      "aa-p+iy"    1    7.391572   1.218850   1.003769
 357       "f-iy+m"    1    5.383799   1.622839  12.010115
 358      "p-ah+ng"    1    3.040814   0.999970   4.017405
 359       "f-ao+r"    9   12.113800  21.769821 107.447227
 360       "b-l+ey"    1    2.005347   1.013612   6.483461
 361       "d-aw+n"    1    7.254321   8.449057   6.277933
 362       "l-ih+s"    1    3.183992   4.633595   2.555873
 363       "l-ih+t"    1    3.320340   8.681158   2.042252
 364         "y+ah"    6   31.527500  38.881981  22.518085
 365       "f-t+er"    2    4.730433   5.533109  21.701216
 366        "f-t+w"    1    1.348850   1.479756   6.218338
 367       "s-f+ao"    1    1.111513   6.430087   2.002329
 368       "k-eh+n"    5   57.559956  18.780550  11.459641
 369         "y-ah"    1    1.007680  13.824539  10.319382
 370        "s-p+l"    1    2.340456   2.510122   2.983988
 371         "y-uw"    1   23.934799   4.282519   4.686125
 372       "ey-l+z"    1    5.095576   5.731378   1.204800
 373       "ao-l+r"    1    1.002505  10.928955  16.237419
 374       "ao-l+t"    1    1.000014  14.781589   3.993998
 375       "g-ey+t"    1    1.000178  10.780920   4.244756
 376        "s-t+r"    1    0.999967   0.999967   2.887884
 377      "w-ay+ah"    1    6.037290   4.924539  14.223034
 378      "hh-uh+d"    1   15.902692  23.145067   9.675333
 379      "uw-p+ah"    1    2.303724   1.068256   1.958319
 380     "ay-jh+eh"    1    7.553641   6.994019   8.668218
 381      "uw-p+er"    1    7.004196   1.995692   4.000942
 382       "f-ay+v"    5   47.974174  23.426199  15.598177
 383       "l-ae+d"    1    1.002986   1.000165  13.935006
 384       "l-ae+n"    1    1.000690   1.007849   6.573483
 385       "m-eh+t"    1    7.082282   4.008593   1.000061
 386       "b-d+aa"    1    3.557369   1.987351  13.533639
 387       "ae-b+d"    1    2.172572   0.999957   1.000093
 388       "ao-r+d"    1    1.027591   2.702067   8.198256
 389       "ao-r+m"    1    1.000396   4.994123   3.137441
 390       "ao-r+w"    1    1.001887   2.614150   3.292103
 391       "ey-t+w"    1    2.191746   3.562901   2.073750
 392       "l-ah+n"    2    2.015667   7.553442   4.003106
 393       "l-ah+p"    1    0.999883   0.999879   1.014030
 394       "l-ah+s"    1    1.057886   9.843942   2.091812
 395       "l-ah+t"    2    2.002288  11.573199   3.382376
 396       "l-ah+v"    1    1.036393   1.091310   1.661967
 397       "l-ah+w"    1    0.999882   0.999881   0.999952
 398       "k-er+l"    1    7.530037   1.335191   0.999920
 399       "ae-d+v"    1    1.000116   7.270099   2.219634
 400       "ae-d+w"    1    4.067058   1.028843   2.614814
 401      "ah-t+ah"    2    7.460087   6.433148   4.295928
 402      "ah-t+ey"    2    4.986968   6.960609   4.739303
 403      "ey-t+ah"    2    6.084702   3.008658   3.055149
 404     "er-sh+ah"    1   10.889535   1.042323   5.891208
 405      "ah-t+ih"    1    1.849369   0.999925   0.999928
 406       "ae-f+g"    1    6.958805   1.040850   0.999935
 407      "v-er+zh"    1    6.095993   6.910716   0.999946
 408      "t-ey+sh"    1    3.015502  12.754010   1.244451
 409       "n-ah+l"    2    5.164007   2.378386   2.007864
 410       "w-uh+d"    1    1.000470   2.140868   6.120840
 411       "ae-k+y"    1   37.024895   2.000031  12.998161
 412       "r-ih+b"    1    1.002423   3.088665   4.303433
 413       "r-ih+t"    1    2.163087   7.874416   2.860679
 414       "ae-l+g"    1    7.826541   1.019697   3.863561
 415       "ae-l+y"    2   10.967896   2.834682   8.555971
 416       "s-uw+p"    1    0.999868  13.373577   3.507657
 417       "l-t+ah"    1    1.001995   2.103725   9.626565
 418       "ae-m+n"    1    1.887722   9.829186   1.001086
 419       "ae-m+p"    3    5.702327  12.277641   4.290722
 420      "iy-r+ay"    1    2.356836   8.703168   1.000103
 421       "ae-n+f"    1    1.375033   1.592395   1.002939
 422       "ae-n+s"    1    1.000673   0.999946   1.073541
 423      "eh-r+ow"    1    3.031501  16.868635   1.117698
 424      "iy-r+ow"    5   22.083746  40.144440  15.383543
 425       "n-iy+d"    1    3.947226   3.343089  14.293666
 426       "n-iy+k"    1    1.129817   1.242812   6.836861
 427         "ow-m"    1    1.650698   1.667125   1.432413
 428         "ow-n"    6   42.810822  28.490133  22.072088
 429        "ey+zh"    1    5.101315  16.275967   2.625312
 430      "ah-l+ah"    1    5.842878   7.098934   5.504619
 431      "ah-l+eh"    1    1.390596   3.872622  15.790886
 432      "ah-l+er"    1    3.099596   8.402149  10.990444
 433       "p-ah+l"    1    2.002195   0.999988   0.999988
 434      "ah-l+ih"    1    1.001008   1.002292   3.363926
 435      "ah-l+ow"    2   10.537031  33.641518   2.067684
 436       "m-ey+d"    1    2.998366  16.004372   5.989707
 437       "m-ey+l"    3   19.180363  31.809196  18.546080
 438       "m-ey+w"    1    7.395813   1.996120   6.416788
 439        "ey-er"    1   16.268686   9.692184  22.585800
 440       "y-uh+r"    1    1.000008   1.000211   6.643353
 441       "l-aw+d"    2    2.026114  21.207146  15.977221
 442         "oy-n"    1    1.900848  12.216477   1.384545
 443         "oy-s"    1    2.639616  10.296867   5.100296
 444         "oy-z"    1    2.710265   9.374943   4.872418
 445        "ey-zh"    1   21.649382   0.999921   0.999920
 446       "t-ih+l"    1    4.999254   0.999927   0.999986
 447       "t-ih+r"    1    3.337508   7.549617   3.462274
 448       "t-ih+v"    1    2.246671   4.815024   1.557171
 449       "n-t+aw"    1    1.000106   2.123644   4.870941
 450      "y-uw+ey"    1    0.999798   1.001549   1.066373
 451     "er-ih+dh"    1    4.346997   3.232695   1.728589
 452       "s-eh+v"    5   37.428127  15.019545   8.720423
 453       "p-iy+r"    1    2.997594   1.118420   4.137129
 454         "z+iy"    5   31.949684  29.542015  12.679752
 455      "hh-eh+d"    2    5.136950  11.462874  14.997422
 456      "hh-eh+l"    4    6.593305   9.795839   7.289493
 457     "th-iy+ah"    1    3.089243   3.285257   2.811488
 458       "t-aa+p"    1    4.025828   8.952930  16.691696
 459       "t-aa+r"    1    5.058877  17.202784   1.025118
 460       "r-ah+m"    2    2.000467   2.077122   4.356473
 461       "n-ay+n"    5   38.264275  25.586926  51.360802
 462      "b-ey+zh"    2    7.587255  14.674983   5.149771
 463      "sh-m+ey"    1    1.618512   3.674349   2.830731
 464       "r-iy+m"    3    5.176149  15.101853   9.415418
 465       "r-iy+v"    1    1.000208   4.211506   7.483517
 466      "ey-d+ah"    1    0.999983   2.534763   2.476508
 467       "oy-l+z"    1    5.281042   5.708564   2.009136
 468        "hh+ah"    1    9.358202   3.021862   1.001655
 469        "hh+aw"    1   13.051730   3.764896   1.006226
 470        "hh+eh"    4   37.309647  17.962294  10.477308
 471        "hh+ow"    1   13.940860   1.704299   0.999987
 472        "hh+uh"    1    1.552534   1.001298   0.999962
 473        "hh+uw"    1    7.992731   1.005446   0.999941
 474       "v-aa+k"    1    3.783273   9.736129   4.153529
 475       "v-aa+l"    3   30.212429   8.934536   9.626604
 476       "t-ah+b"    1    3.947595   3.918762   4.064619
 477       "t-ah+g"    1    4.299332   1.635522   1.105493
 478       "t-ah+l"    6   18.891880  45.189831   9.807825
 479       "t-ah+n"    4   11.191961  20.270966  11.936396
 480       "t-ah+s"    1    0.999993   0.999995   1.017486
 481      "n-ah+dh"    1    3.109246   7.862995   1.891973
 482        "l-p+l"    1    5.423782   2.417197   2.585835
 483        "hh-aa"    1    1.013246  19.177727   9.101525
 484       "ah-k+y"    1    5.939681   5.257196   4.798974
 485        "hh-uw"    1    1.384524   4.614322  38.072643
 486       "y-uw+b"    2    1.999910   1.999911  16.695131
 487       "y-uw+m"    3    2.999772   3.001162  13.095906
 488       "y-uw+p"    1    1.987292   4.639899   0.999987
 489       "y-uw+t"    6    8.228649  10.074977  20.011856
 490       "y-uw+z"    1    1.000000   1.000003   1.000042
 491       "ah-l+z"    1    5.095099   7.324617   3.751252
 492       "r-t+ih"    1    2.743376   0.999935   1.000136
 493       "ah-m+b"    2    2.982148  19.197107   2.001965
 494       "ah-m+p"    4   11.927622  25.825420   9.647710
 495       "ah-m+z"    1   11.894874   8.481965   1.729697
 496       "k-y+uh"    1    1.223313   7.776677   4.004216
 497       "k-y+uw"    5   17.951679  24.470238  18.482689
 498         "r+ay"    1    8.159917   7.016603   1.000265
 499         "r+eh"    1    5.020748  11.931162   6.675682
 500       "v-ae+l"    2    7.809304   2.002024  21.218134
 501         "r+ih"    1    2.848188   7.071076   3.968751
 502       "w-eh+l"    1    1.001814   0.999761   0.999818
 503       "w-eh+r"    1   18.743570   9.551167   2.319709
 504       "w-eh+t"    1   16.316425   3.473350   1.002767
 505       "ah-n+d"    1    8.531161   2.921588   6.386649
 506       "ah-n+s"    1   17.555796   1.004382   1.000202
 507       "ah-n+t"    4   27.440039  17.299660  11.364690
 508       "t-iy+v"    6   25.742268  40.652958  53.541252
 509         "r-iy"    5    9.608334  23.791399  96.471924
 510         "r-jh"    1    6.971375  24.987949   0.999968
 511         "r-ow"    5   15.478842  33.849213  39.979946
 512       "v-ah+n"    6   24.675829  28.367289  22.041712
 513       "t-ao+r"    1    5.059552   3.908117   6.993252
 514       "p-l+ah"    1    0.999905   0.999905   1.000239
 515       "p-l+ey"    6   14.672307  14.611192  30.158611
 516      "k-ch+ah"    1    7.156378   5.841506   7.831911
 517      "k-ch+er"    1    3.049593   5.987524   7.996700
 518       "eh-d+z"    1    4.173573   1.159603   2.077392
 519       "z-ih+k"    1    4.983758   8.103597   7.707710
 520      "hh-ey+v"    1    1.001212   0.999992   1.004232
 521       "ah-s+b"    1    4.024159   3.506050   2.830718
 522      "d-ay+ah"    5   29.268250  24.367615  43.912304
 523       "m-y+ah"    1    1.000158   6.999178   3.048755
 524      "d-ay+jh"    1    3.215763   7.724033   6.452428
 525       "r-ay+t"    7   41.404781  26.421223  67.911034
 526      "ch-oy+s"    1   14.194405  10.115609   4.542902
 527       "m-y+uw"    1    3.055809   6.984959   3.990111
 528      "ng-k+ch"    1    0.999982   1.019686  19.947573
 529       "n-d+ih"    1    0.999954   2.847608   2.852973
 530       "w-er+d"    1    3.442115   5.981560   8.487046
 531       "t-aw+n"    1    2.017034  14.618387  10.268666
 532       "eh-k+s"    1    0.999904   1.394261   2.464212
 533     "zh-ih+ng"    1   10.062327   5.836080   3.097564
 534       "d-v+eh"    1    1.062083   4.426599   3.517317
 535      "l-ow+er"    1    5.915866  20.999014   4.707095
 536       "eh-l+m"    1    1.011910   1.739102   1.274786
 537       "eh-l+p"    3   12.199114  18.075573  18.051758
 538       "eh-l+t"    1    5.859908   8.232092   5.484091
 539      "ah-m+er"    1    4.777900   5.671451   3.382924
 540      "aa-r+th"    1    1.009232   4.967668   2.499533
 541      "uw-z+ih"    1    5.883786   4.158255   1.962067
 542       "eh-n+d"    3   14.967187  17.852932   6.002386
 543       "eh-n+s"    1    4.982778   2.982582   1.002507
 544       "eh-n+y"    1    1.004396   1.000333   0.999933
 545      "t-er+ay"    1    4.334399   1.001944   1.000000
 546      "t-er+ey"    1   19.679413   2.651956   0.999939
 547       "ih-b+y"    1    1.001352   1.595729   1.654111
 548       "eh-r+p"    1    1.004614   2.675457   1.981324
 549       "eh-s+t"    1    2.776078   4.863726   6.117835
 550     "ah-hh+eh"    1    7.609414   3.584455  23.537981
 551       "ih-f+t"    1    2.815615   1.145993   0.999845
 552       "l-m+ah"    1    1.202276   7.444780   3.605150
 553       "z-iy+r"    5   21.194971  12.197736  14.562554
 554      "iy-k+ah"    1    1.737699   1.858068   5.193861
 555      "iy-k+eh"    1    3.067756   4.886806   5.225243
 556      "eh-k+sh"    1    1.000013   1.005560   1.000831
 557      "ow-b+ih"    1    0.999903   1.999186   3.012604
 558         "b+aa"    1    3.328141   4.645573   2.913996
 559         "b+ae"    2    4.790695   5.700604   4.704209
 560         "b+ah"    1    3.311965   5.503615   2.136282
 561         "b+eh"    2    5.920164  19.287836  10.995442
 562         "b+ey"    2   64.203697  19.503969   5.840361
 563         "b+ih"    2    4.332060  14.029234   4.584995
 564         "b+iy"    1    4.002893   7.939576   3.964327
 565         "b+uh"    2   10.415541  14.619040   5.816343
 566         "b+uw"    1    1.000372   1.052220   1.000012
 567      "l-ih+jh"    1    3.894348   1.003143   2.124639
 568      "l-ih+ng"    2    6.951519  14.899867   7.137185
 569      "l-ih+sh"    1    3.457965   4.511879   1.126209
 570       "ih-k+s"    6   15.034070  13.156282  11.831241
 571       "k-oy+l"    1   10.929193  10.195196   1.879499
 572       "k-oy+n"    1    9.047509  15.949240   5.423089
 573     "eh-dh+er"    4   67.174377  36.876396 112.813217
 574         "b-ah"    1    4.113109  18.829063  10.752929
 575        "er-th"    1    9.889031   7.484980   1.000697
 576         "b-ow"    1    8.637409  16.657309   9.273050
 577       "ih-n+f"    1    1.005008   1.859087   1.016629
 578       "aa-f+t"    2   10.594913   5.727387   2.710085
 579         "s+aa"    3   32.516083  24.746653   7.417289
 580         "s+ae"    1   16.960247  10.638344   3.369244
 581         "s+ay"    2   15.379021  18.028166   8.963136
 582      "k-sh+ah"    1    1.962931   8.097214   3.898755
 583         "s+eh"    5   20.860256  49.383663  23.598539
 584         "s+ih"    6   33.246296  65.706192  17.380116
 585      "l-iy+ah"    1    3.030263   1.991236  11.004512
 586         "s+uw"    1   24.938488   7.018877   1.169659
 587      "iy-ah+l"    1    2.664298   1.322674   1.006116
 588      "iy-ah+s"    1    1.066978   4.856256   2.051688
 589      "ah-v+aa"    1   13.737702   6.152018   1.028542
 590      "ah-v+er"    1    1.398566   7.507495   8.282686
 591      "ey-v+ah"    1    4.856336   3.279800   2.748114
 592        "ah+ch"    1    3.030885   1.989271   3.020685
 593        "ah+hh"    1    3.007995   2.523786   5.662452
 594       "b-uh+k"    1    2.119554  10.859076   7.110277
 595       "b-uh+l"    1    2.001539  12.002928   0.999903
 596      "g-eh+dh"    1    3.273021   5.928650  12.842346
 597       "aa-k+s"    2    2.008067   3.862798   2.141535
 598        "ah-ng"    6   45.025612  43.828293 135.051453
 599       "aa-l+y"    2    2.004621  16.104774  12.402491
 600       "aa-m+b"    1    1.304608  13.534805   1.002257
 601        "r-p+l"    1   10.722747   2.372420   2.940640
 602         "ih+k"    1    7.018417   1.978921   4.041760
 603         "ih+l"    1   11.998650   0.999908   1.004800
 604         "ih+n"    1    3.070674   9.918672   9.115646
 605         "ih-k"    2   14.021877  25.269566   2.000516
 606         "ih-p"    1    8.342772   1.795642  11.776700
 607         "ih-v"    1    2.684777   2.306700  20.845369
 608      "eh-t+ah"    1    1.271585   1.364628   1.267937
 609      "iy-t+ah"    1    5.989526   1.009236   1.000046
 610       "aa-r+t"    2    2.317279  11.709477   4.256568
 611       "r-m+ey"    1    4.812581   1.035204   2.979313
 612       "k-r+ah"    1    3.937774   5.424970   4.309056
 613       "k-r+ay"    1    3.074065   1.011693   1.022720
 614       "k-r+ey"    1    3.864713   1.869283   8.612656
 615       "k-r+iy"    1    2.192769   1.668322   5.291678
 616       "d-w+eh"    1    3.036520   9.023925   3.923984
 617         "k+aa"    2   23.046263   4.022575   7.470025
 618         "k+ah"    8   41.699284  13.949573  53.148956
 619         "k+ao"    5   30.358435  15.806636  17.502314
 620         "k+eh"    3    9.181695  24.015154  46.015701
 621         "k+er"    1    1.052208   2.965609  10.096479
 622         "k+oy"    2   35.333076   3.638981  13.340601
 623      "ah-n+ah"    2   29.302313   4.671397   2.320154
 624      "ah-n+ey"    1    0.999940   0.999938   1.004541
 625     "iy-zh+ah"    1    1.000081  19.878273  13.420280
 626      "n-th+iy"    1    1.005806   4.563192   1.299032
 627         "aa+l"    1   13.420213  12.703822   1.077997
 628         "aa+r"    2   11.999033  17.980568   4.780954
 629         "aa-l"    1    5.089275  17.512791   3.818136
 630         "aa-p"    1   10.234890   2.986631   3.720016
 631       "b-uw+t"    1   19.976343   4.006715  22.992405
 632         "ae+b"    2    4.009299  10.887931  18.811441
 633         "ae+d"    1    2.006387   3.305063   8.732874
 634         "ae+f"    1    2.106978   5.432492   9.459132
 635         "ae+g"    1    2.002158   3.015001   9.317962
 636         "ae+k"    2    3.703364   5.287074  13.707118
 637         "ae+l"    2    3.271114   6.593979  11.974911
 638         "ae+m"    3   10.940889  14.775953  29.089342
 639         "ae-k"    1    9.091334   2.040733  12.919454
 640         "ae-n"    2   13.565951  14.001128   7.970438
 641      "ih-r+iy"    1    1.050182   2.334750   3.094423
 642      "uw-b+ah"    1    1.000039   1.440024   2.041113
 643     "er-ey+sh"    1    4.136874   5.061370   2.271589
 644      "r-ih+dh"    1    1.020549   5.013572   3.015441
 645      "ae-b+ah"    1    1.148258   2.983152   2.971997
 646      "r-ih+ng"    1    1.000662  12.204492   4.024132
 647         "ah+b"    5   23.605528   8.546181   9.492201
 648         "ah+g"    1    6.057994   1.001136   1.154464
 649         "ah+k"    2    7.280012   2.802154  13.703820
 650         "ah+n"    2    8.011266  16.349852   3.935432
 651         "ah+p"    1    5.969289  10.506137  17.087534
 652         "ah+v"    1    5.506759   4.592736   3.668732
 653         "ah-l"   23   87.042999 307.213013 208.985306
 654         "ah-m"    1   16.232933   1.039809   1.340501
 655         "ah-n"   23  195.046799 142.845978 170.361557
 656         "ah-p"    1    7.880495  11.297141  18.940271
 657         "ah-s"    3   11.342573  31.865093  50.273556
 658         "ah-t"    2    8.346473  36.019161  18.565189
 659         "ah-z"    1    2.876752   6.256856  16.168921
 660      "eh-l+ah"    1   11.107577  16.203691   1.489519
 661      "hh-ow+m"    1    4.207520  24.736605   6.659090
 662      "dh-ah+m"    2    7.930295   9.419197   4.175344
 663        "dh-er"    5    5.010460   6.313482  12.688757
 664        "dh-ow"    1    4.353570  26.035622   7.615325
 665         "iy+m"    1    3.999875   1.010041  15.989401
 666       "b-eh+l"    1    5.147384   1.000089   1.021817
 667       "b-eh+n"    1   13.721464   1.585225   3.690225
 668         "iy-m"    1   56.492741   0.999936   0.999938
 669         "iy-v"    7   42.899990  44.483101  48.649792
 670       "r-th+r"    1    7.061683   1.059277   6.372090
 671      "r-iy+ah"    2    2.166947   9.122733   9.987263
 672         "ao+l"    3   10.557008   2.999960   5.120821
 673         "ao-l"    5   20.817343  83.236465  32.502766
 674         "ao-r"    5   18.575014  41.548393  27.672358
 675       "uh-d+s"    1    0.999967   0.999967   0.999980
 676      "m-eh+zh"    2    2.029720   2.003929   2.097488
