   1         "t+ay"    8   26.272142  20.501221  22.314301
   2         "t+uw"   11   25.687515  40.240307 186.386978
   3         "t-uw"   11  131.207703 118.557396 124.628250
   4           "sp"  236  2235.086426
   5         "ay-n"    5   33.224277  42.703529  10.172281
   6         "ay-v"   17  109.546295  64.750702 238.196899
   7         "d+ih"   14   28.741875  17.620232  36.416500
   8      "eh-v+ah"    5   12.975009   6.041252  12.451989
   9         "m+ay"   23   55.018753  60.730915  84.273476
  10         "m+eh"   22   51.797497  38.826748  41.753090
  11       "aw-n+t"   28   76.045158 147.170090 125.969414
  12       "k-aw+n"   28   65.709183 137.704346 347.514832
  13       "s-ih+k"    7   93.301842  16.105503   9.013506
  14      "eh-n+iy"   22   52.085541  51.100235 297.348907
  15       "m-ay+n"   23   73.956345 151.194962 401.781128
  16         "th+r"   12   37.074421 100.059021  39.748867
  17      "th-r+iy"   12   26.568737  41.408417  38.915527
  18         "n+ay"    5   10.457923  35.036690  20.736483
  19       "w-ah+n"    9   38.824909  13.473047  20.689848
  20         "n-iy"   22  184.698059 440.311798 438.491547
  21         "f+ao"    6   26.732370 119.426163  27.577179
  22         "f+ay"   17   52.489082 122.770370  96.214699
  23         "w+ah"    9   14.853012  38.512749  94.930130
  24          "k-s"    7   20.592543  46.372437  67.053223
  25          "m-z"    8  141.783737  56.620701 120.398079
  26          "n-t"   28  112.454468 177.439148 257.941681
  27      "ih-v+ay"   14   80.758652  38.983063  45.201744
  28          "p+l"    5   18.366978  14.135403   7.999979
  29          "sil"  100  466.245667 2235.086426 2024.165649
  30      "ay-d+ih"   14   29.504553  47.392414 307.260681
  31       "d-ih+d"   14   50.396751  61.085373 254.008636
  32       "d-ih+v"   14   32.483826  47.982456 142.055252
  33         "ey+t"   21  200.059204 100.438370 325.108490
  34         "ey-t"   21  100.679764  69.733406 236.769257
  35       "ay-m+z"    8   56.603264  75.547012  98.392487
  36       "f-ao+r"    6   16.815609  16.026899  74.647774
  37       "f-ay+v"   17   46.208065  78.752708 148.972900
  38       "m-eh+n"   22  204.198608 211.574493 112.503006
  39       "l-ah+s"    5  115.521721  20.634806 112.512894
  40      "ay-n+ah"   23  218.321838 310.953583  77.706680
  41       "n-ah+s"   23  233.351837  96.819717 169.009155
  42      "iy-r+ow"    7   34.359013  22.189968  14.497077
  43       "s-eh+v"    5   17.001360   5.155871   5.956065
  44         "z+iy"    7   34.213718  24.368433  60.815838
  45       "n-ay+n"    5    8.304010  18.117842  22.476288
  46        "hh+aw"   22  582.605408  78.576004 136.683182
  47        "hh-aw"   22   83.462219  69.476517  90.077095
  48         "r-iy"   12   33.914566 140.431824  99.193268
  49         "r-ow"    7   46.839352  86.671776  96.874977
  50       "v-ah+n"    5   12.317003  11.320646  20.658180
  51       "p-l+ah"    5   10.002143  20.003960 118.977280
  52       "t-ay+m"    8   28.695850  48.727009 182.327316
  53       "v-ay+d"   14   56.078743  39.564079  93.196053
  54       "z-iy+r"    7   11.267107   8.355850  13.416979
  55         "b+ay"   14  124.457870 102.391792 135.697922
  56       "ih-k+s"    7   12.381435  12.924783  17.092796
  57         "b-ay"   14   50.866669  76.403160 128.382401
  58         "s+eh"    5   32.150974  20.774731  48.989391
  59         "s+ih"    7   53.266315  38.973591  97.099571
  60         "ih-d"   14   71.796371  41.705433  29.969116
  61         "k+aw"   28  314.326874  76.387932 117.810326
  62         "ah-n"   14   94.989525 169.303925 179.569046
  63         "ah-s"   28   76.538193 403.685852 105.642212
  64         "ao-r"    6   13.206935  18.761536  81.579498
