   1         "t+ah"    4   10.086834   4.549938  40.583199
   2         "t+aw"    2    6.957144   2.268803  43.455128
   3         "t+ay"    2    2.008275  18.140007  19.968395
   4       "f-uw+d"    1    3.618833  17.183416   1.549697
   5         "t+eh"    2    5.642512   3.073748  11.649979
   6         "t+er"    3    3.891267   5.008648  31.945498
   7         "t+ey"    1    0.999958   3.828984   1.001326
   8         "t+iy"    1    1.005585   1.764015   1.232872
   9         "t+ow"    3   11.651206   3.000364  11.784494
  10      "ao-r+ih"    1    1.782343   1.299880   1.026182
  11      "ao-r+iy"    1    1.596698   1.001503   0.999978
  12         "t+uh"    1    1.000015   7.047151   1.040737
  13         "t+uw"   38   56.517551  78.764687 394.740570
  14      "ah-w+ao"    1    0.999909   2.420464   7.592843
  15      "ah-w+ey"    2    2.001599   9.239078   6.107944
  16         "t-er"    8   54.303333  72.477303  99.527954
  17         "t-iy"    2    7.469421  15.509078  33.583450
  18      "th-p+ih"    1    6.275516   1.010857   1.033325
  19       "d-eh+k"    1    3.501871   2.612508   1.972155
  20       "d-eh+n"    3   12.001172   9.005717  23.471470
  21       "d-eh+p"    1    7.437195   4.879084  15.919685
  22      "sh-eh+r"    2    5.378926  11.256555  26.141060
  23         "t-uw"   44  282.010315 305.924469 390.183167
  24           "ah"   31  123.045845 106.918152 609.340820
  25           "ay"    5   24.594713  56.528133  91.592606
  26      "eh-d+ah"    1    4.276309   0.999892   0.999803
  27      "eh-d+ih"    1    1.003472   8.939960   1.058512
  28      "iy-d+er"    1    2.190447   1.220562   1.418298
  29           "sp" 1234  15045.803711
  30      "iy-d+ih"    1    1.047765   3.028634  54.459827
  31      "iy-d+iy"    2    4.357056  10.607108  23.950716
  32      "er-ah+s"    1    1.000334   1.466654   2.996859
  33       "uh-k+t"    3   13.736909   5.040269  11.002506
  34       "b-er+d"    1    1.422288   2.281643  18.084114
  35       "b-er+n"    1    4.241511  10.979422   1.000075
  36         "aw+t"    6   33.402031  18.009008  80.427422
  37         "aw-d"    1    5.537619   9.041485  14.167838
  38         "aw-n"    2    2.026080  10.731582  18.447880
  39         "aw-t"    8   46.859047  38.874123  33.039562
  40       "l-uh+k"    4   13.242270  31.377645  63.222851
  41      "jh-ih+n"    2    2.000867   2.020457   2.201238
  42       "g-ih+v"    2    6.708944   2.955703  21.050318
  43         "ay+d"    1    5.850119   4.694326  11.259655
  44         "ay+s"    3   19.042881  19.696749  24.355371
  45         "ay-d"    4   15.661497  18.613733  44.172565
  46         "ay-f"    4   27.257469  23.318375  23.758034
  47         "ay-k"    4    9.208005   4.960393  30.638273
  48         "ay-l"    1    1.002384   1.446268  20.566814
  49         "ay-m"    4   23.141375  20.804806  23.941521
  50         "ay-n"    5   12.509210  13.535440  66.346489
  51         "ay-s"    3    9.906468   8.898000  35.695190
  52         "ay-t"   10   54.528702  32.995762  85.044312
  53         "ay-v"    2    8.660507   2.263094  47.696285
  54         "ay-z"    2    5.718298   4.777699  26.640764
  55       "z-m+ah"    1    1.002798   0.999554   1.093048
  56      "k-ae+ch"    1    1.025102   2.990886  16.830700
  57      "ae-k+ch"    1    1.273621   1.504503   3.197476
  58       "l-w+ey"    1    0.999986   1.859058   4.821351
  59      "k-ae+sh"    1    1.005645   1.000688   6.595169
  60       "n-f+ah"    1    3.319332   1.026160   2.433582
  61       "n-f+eh"    1    3.021051   0.999965   1.010020
  62       "f-eh+l"    1    1.456117   1.015148   1.846334
  63       "f-eh+s"    1    2.434256   4.555085   1.000317
  64         "jh-d"    1    0.999835   1.000195   1.001819
  65      "ch-ae+n"    3    2.999519   5.726918  27.232489
  66     "ch-er+ch"    2   24.398003   7.659125   4.082248
  67       "r-n+ih"    2    2.005074   8.323018   2.022956
  68       "r-n+iy"    1    1.018833   7.630109  12.227556
  69       "k-s+ay"    1    6.151154   5.176812   4.404137
  70       "k-s+eh"    1    3.015140   1.044013  10.989655
  71       "g-aa+r"    1    1.011563   1.033619   4.712010
  72       "g-aa+s"    2    2.087228   2.381845  10.661603
  73       "g-aa+t"    2    5.754174   4.234436  44.485031
  74         "l+aa"    3   10.100839  15.543885  33.469654
  75         "l+ah"    2   14.674782   4.163874  29.580782
  76         "l+ao"    5   34.219151  30.447023  19.005733
  77         "l+aw"    1    5.250392   9.859920   1.004513
  78         "l+ay"   11   37.342190  21.273897  56.089661
  79         "l+eh"    4   21.668945   7.586782   9.830426
  80         "l+ey"    2    7.196848   2.103586   2.001397
  81       "d-er+d"    1    6.001958  14.882429   9.717316
  82       "d-er+f"    1    3.003747   0.999935   1.837385
  83         "l+ih"    2    8.757972   3.976823  19.400963
  84       "d-er+z"    1    3.012256  11.985563   1.000226
  85         "l+iy"    2    6.582749   9.474611   2.000298
  86      "sh-er+m"    1    3.148832   5.950685   1.009093
  87         "l+uh"    4   16.746813  10.370686  10.562821
  88      "aa-t+ah"    3   20.325537   9.150674  35.389870
  89      "r-ae+ng"    1    1.037795   4.465904  14.246378
  90      "r-ae+sh"    3    5.565410   5.847703  27.044943
  91         "l-ey"    2   15.116690   2.590256   4.939817
  92         "l-iy"   20   63.975159 120.983101 281.968506
  93         "l-ow"    1    3.935714  13.301986   7.759421
  94         "l-th"    1   33.675556   5.742977   1.013110
  95     "ah-dh+er"    3   55.184792   6.167515   3.988392
  96      "uw-ah+l"    1    0.999882   0.999914   1.000227
  97        "k-s+p"    3    4.029004   5.978474  10.215427
  98        "k-s+t"    1    4.253235   3.672403   0.999924
  99        "k-t+s"    1    1.671468   1.155970   8.908246
 100       "m-s+eh"    1    3.786523   2.189741   6.556049
 101      "ch-iy+t"    1    3.264112   8.236412   1.382462
 102      "jh-ah+n"    2    2.016172   3.138345  19.105421
 103      "jh-ah+s"    2    2.519621   8.785138  17.095169
 104        "th+ah"    2   42.151402   5.898293  10.214146
 105        "th+ao"    2   23.809313   2.816484   9.186703
 106        "th+ay"    1   21.665949   2.045028  36.967701
 107        "th+er"    1    2.975283   2.999631   3.995654
 108        "th+ih"    1    1.002459   0.999866   0.999864
 109      "ih-s+ah"    1    3.054558   1.000834   1.002336
 110      "ih-s+ay"    2    4.928975   2.897150  19.204302
 111      "ih-s+ih"    2   11.242462  13.403176   7.221285
 112      "er-aw+n"    4   11.790736  86.164093  56.315819
 113       "f-er+g"    1    9.952301   8.848799   4.200801
 114       "f-er+s"    1    4.027125  15.624993   1.021271
 115       "f-er+t"    1   24.603464   7.149734   7.639723
 116       "d-ey+l"    1    9.100758  11.782190   6.128050
 117       "d-ey+n"    2    8.451826   7.915777  34.640823
 118       "d-ey+z"    1    1.972221   4.667067  25.341787
 119     "ch-ah+ng"    1    1.004250   3.130370  22.852524
 120       "p-uh+t"    2    6.219388   8.777727   4.501578
 121        "th-ay"    1    1.003054   1.003381   1.984289
 122       "k-ih+d"    1    2.400174   3.089934   5.777467
 123      "eh-m+er"    3   14.997700   5.000874   8.262905
 124       "p-w+ao"    1    0.999935   3.551698   5.862182
 125      "iy-m+uw"    1    5.472115   2.029116   1.536079
 126     "ih-ng+er"    1    4.124869   6.922739   1.000378
 127         "d+aa"    3    9.315166   6.001272  26.676544
 128         "d+ae"    1    3.043680   4.981736  11.160410
 129         "d+ah"    3    8.421062  12.401243   5.998302
 130         "d+ao"    3   14.374329   6.928506  42.631268
 131         "d+aw"    1    1.014095   2.230872   5.582827
 132         "d+ay"    2    1.999810   2.015754  21.273170
 133         "d+eh"    5   13.629650  10.070278  50.101326
 134         "d+er"    1    0.999955   0.999955   0.999955
 135         "d+ey"    5    9.858283  12.044400  67.909920
 136         "d+ih"   14   28.152231  48.437103 103.634155
 137         "d+iy"    2    6.216432   7.627095  39.858215
 138         "d+uw"    6    8.883745  11.353387  23.603834
 139      "ah-g+eh"    3   16.188656   5.323777   9.813467
 140        "n-f+y"    1    6.245420   0.999659   0.999659
 141       "k-aa+m"    1    4.985429   1.005280   0.999977
 142       "k-aa+n"    2    2.001673   2.002198   2.834778
 143       "k-aa+r"    1    2.108417   6.380219   1.002425
 144      "er-l+iy"    3    7.249987   6.561258  24.810366
 145         "d-ah"    1    1.342260   3.880424  10.403340
 146        "n-g+r"    2    5.382905   2.716905   4.137816
 147       "f-ey+v"    1    2.875841   1.415265  12.663960
 148         "d-er"   10   72.082588 113.883568 123.163612
 149         "d-ey"    4   26.980850  14.985500 108.425308
 150         "d-iy"    7   42.745987  64.243195 104.859734
 151         "d-uw"    6   36.152142  27.218925  79.512939
 152      "ae-t+er"    1    1.124801   1.000228   0.999778
 153       "m-ih+l"    2    2.023189   5.358861   9.784857
 154       "m-ih+n"    1    1.021044   2.224311   8.861238
 155      "ae-t+ih"    1    3.373331   1.076502   1.002757
 156       "n-uw+d"    1    3.069211  15.346209   1.088838
 157         "sh-t"    2    1.999817   2.183094   1.999804
 158     "ow-hh+ih"    2    2.000208   9.516411   3.871841
 159       "k-ae+b"    1    2.219077   1.097246   8.388848
 160       "k-ae+n"    3    4.982424   4.040189  22.352785
 161       "k-ae+t"    1    1.065427   1.010925  18.063732
 162       "l-eh+d"    1    1.013234   3.174983   4.804898
 163       "l-eh+f"    2    2.100798   3.115097  10.740951
 164       "l-eh+s"    1    0.999928   1.009136   4.699906
 165       "l-eh+v"    1    1.155116   3.743945   5.998272
 166        "n-k+r"    2    6.831377   9.390760   2.000763
 167     "ae-sh+uw"    1    3.490176   3.857945  12.393402
 168      "ih-k+aa"    1    7.492985   1.110534   6.998807
 169      "ih-k+ao"    1    2.167281   1.014533   7.026687
 170       "m-aa+r"    1    1.009988   2.126064   7.249783
 171       "k-ah+d"    3   14.811983   8.574108  20.387650
 172       "k-ah+l"    3    3.627929   3.485052   7.754193
 173       "k-ah+m"    2    2.276171   3.506929  18.440186
 174       "k-ah+n"    5   15.158359  14.926664  15.917454
 175       "k-ah+s"    1    2.939301   1.069763   5.972683
 176       "k-ah+v"    1    1.047437   2.057998   6.991333
 177     "eh-zh+er"    1   14.000235   5.007324   2.299025
 178       "t-uh+r"    1    1.001493   1.359437  13.826523
 179      "p-ih+jh"    1    1.809795   1.081283  10.346168
 180        "jh+ah"    2   34.732506   7.536311   6.306200
 181        "jh+eh"    3   17.016277   5.020726  14.001306
 182        "jh+ih"    2   20.479086  11.103432   7.289471
 183       "p-uw+l"    1    1.252160   1.001468   6.074089
 184        "jh+uw"    1    3.610603   6.911023  10.700742
 185      "n-ch+ae"    2    4.145555   6.247676  21.743813
 186     "ey-zh+ah"    1   14.927865   9.526961  15.538824
 187      "n-ch+er"    2    2.186960  18.507856   2.311355
 188     "iy-ih+ng"    1    0.999817   0.999826   1.014534
 189        "jh-er"    1    1.048898  18.066946   8.371758
 190      "l-ao+ng"    2    2.687165   2.002889   2.005048
 191       "m-ae+n"    3    6.338521  11.005077  18.748873
 192       "m-ae+s"    1    1.000276   4.030058  17.001476
 193       "m-ae+t"    1    1.627844   3.366963   0.999892
 194       "t-w+ih"    1   12.734132   0.999950   0.999949
 195       "n-eh+k"    1    2.867885   2.138265   1.727954
 196       "n-eh+t"    1    1.717276   2.474920  10.666770
 197       "n-eh+v"    3    5.880888   7.975120  33.151913
 198      "aa-d+ah"    1    2.965332   1.000514   0.999684
 199      "aa-d+iy"    4   14.316620   6.981829   6.128794
 200      "er-d+er"    1    1.000076   0.999992   0.999992
 201      "er-d+ey"    2    3.736690   5.191912   2.256212
 202        "n-s+f"    2    6.556808  13.557926   2.236712
 203      "er-d+iy"    1    0.999778   0.999778   0.999778
 204        "n-s+t"    3   12.830860   8.542491   8.401306
 205      "w-ih+dh"    6   15.500944  25.266588  44.861141
 206      "w-ih+ng"    2   10.948135   8.351148   4.610861
 207        "n-t+l"    1    1.002871   0.999912   0.999793
 208        "n-t+m"    2    2.005374   2.001300   4.316606
 209        "n-t+r"    1    1.172480   3.858021   0.999974
 210        "n-t+s"    1    1.000895   1.022996   1.171546
 211      "ng-n+ah"    1    1.056464   2.770630   2.050534
 212      "ae-l+ey"    2    2.196272  12.785859  42.305721
 213       "m-ah+n"    8   13.578119  21.180759  44.636185
 214       "m-ah+s"    1    1.031076   1.607378  15.412932
 215       "k-ao+f"    1    3.008664   5.940083   1.006495
 216       "k-ao+l"    1    4.350015   6.919754  14.686559
 217       "k-ao+r"    1    2.012258   1.034902   1.005613
 218       "k-ao+z"    1    6.806124   1.013928   9.980812
 219       "l-er+d"    1    1.039560   2.378929  15.088046
 220      "ah-ng+k"    1    1.003705   1.063992   7.999412
 221       "l-er+z"    1    1.061878   1.819448   7.357623
 222       "g-l+ih"    1    1.007798   2.967762   1.197658
 223      "eh-v+ah"    1    3.128378   1.002420   0.999875
 224      "eh-v+er"    7   33.854889  12.519124  17.187235
 225      "iy-v+ih"    1    3.178453   1.001232   1.007878
 226      "aa-sh+t"    1    4.678874   5.067841   0.999979
 227       "r-uw+m"    2    7.545424   9.826637   9.462451
 228       "r-uw+v"    2    3.090472   5.300609  15.284113
 229       "k-t+ah"    1    1.418888   1.766893  14.785433
 230      "ow-m+ah"    1    2.987968   1.000944   0.999847
 231       "k-t+ih"    3    6.159303   5.045207  14.954285
 232      "ow-m+ih"    1    5.586631   1.298046   1.115335
 233         "m+ae"    3    4.014961   5.998283   9.939820
 234         "m+ah"    3    5.964803   7.999514  17.190847
 235         "m+ao"    3    9.229175   4.847379  28.341290
 236         "m+aw"    2    6.870193   3.186841  16.961769
 237         "m+ay"    4    7.370603  26.497740  26.335083
 238         "m+eh"    5   12.802606  20.180380  54.991764
 239         "m+er"    1    1.000085   1.000315  12.888424
 240         "m+ey"    3    4.998374   9.979459  30.534288
 241         "m+ih"    3   15.940931   6.003451  41.126560
 242         "m+iy"    2    2.040500   2.892324  16.800600
 243         "m+ow"    1    6.585465   1.129496   1.243339
 244      "ao-k+ih"    1    1.001433   8.672421   1.000067
 245         "m+uw"    1    0.999878   1.083759   9.373161
 246     "ah-th+ih"    3   30.229897   3.903072   4.993801
 247      "ah-p+ay"    2    9.755252   2.292988   2.111599
 248      "f-er+ih"    1    4.008669  11.996964   0.999756
 249       "p-eh+k"    3    3.781892   4.689818  16.995724
 250       "p-eh+r"    2    3.743567   3.471515  17.306326
 251       "p-eh+t"    2    2.978482   2.449929  26.546101
 252      "ah-p+oy"    1    1.002725   1.001764   1.001887
 253       "m-iy+n"    1    2.717639   3.897966   7.986137
 254       "m-iy+z"    1    1.079049   7.413036   4.020660
 255         "m-ay"    2    4.450662  18.978380  29.342113
 256       "aw-n+d"    8   18.276613  16.679661  27.339081
 257       "aw-n+t"    3    5.106643   4.318210   9.818545
 258         "m-iy"    2   12.215875   5.336350  17.186489
 259     "ey-ch+er"    1    7.908187   1.222771   4.813090
 260       "m-ao+r"    3   12.497418  27.071459   8.969734
 261       "n-er+s"    1    9.182708  10.990204   0.999857
 262       "l-ey+t"    1    1.085700   3.873854  13.090093
 263       "l-ey+z"    1    1.686399   6.577306  11.877650
 264       "k-aw+n"    1    3.142741   3.923757   5.745623
 265       "s-ih+d"    1    3.100780   1.848048   4.015027
 266       "s-ih+k"    1    2.170082   1.836863   6.985435
 267       "s-ih+p"    1    1.241826   1.767767  12.956299
 268       "s-ih+s"    1    1.857730   0.999801   0.999801
 269      "r-eh+zh"    1    1.002190   2.149445   5.201099
 270       "t-uw+p"    1    7.990582   1.455298   2.485796
 271      "m-er+iy"    3   27.955242   8.777812   4.009169
 272      "ih-t+er"    1    1.000020   0.999891   0.999891
 273      "ih-t+ih"    2    5.680651   2.124038   6.198283
 274      "ih-t+iy"    1    2.863446  10.208961   1.008267
 275      "hh-ih+m"    4    8.185513   8.138311  36.919193
 276      "hh-ih+r"    2   10.627833   3.159971   3.296088
 277      "hh-ih+z"   10   23.735979  21.110968  77.183052
 278       "f-y+uw"    4   14.158172   8.446988  25.559446
 279      "uw-d+ah"    1    2.273807   1.287197   0.999815
 280       "r-eh+d"    2    2.879831   4.601800  19.166569
 281       "r-eh+n"    1    1.552918   2.012833   3.244714
 282       "r-eh+s"    1    0.999930   0.999930   0.999930
 283       "s-k+ah"    1    1.451013   1.558642   2.907839
 284       "s-k+ay"    3    7.628707   5.562962   5.942908
 285       "s-k+uw"    1    1.171670   9.873960   0.999902
 286      "ae-d+ih"    1    2.153763   0.999633   0.999633
 287     "jh-er+ah"    1    5.828150   1.051938   1.004123
 288         "ch-t"    1    1.001206   1.016203   1.016665
 289      "eh-n+ah"    1    2.556525   2.337520   2.444149
 290      "eh-n+ch"    4   11.511863   4.870246  22.740690
 291      "eh-n+eh"    1    3.533645   3.285442   4.190872
 292      "eh-n+er"    1    1.474481   1.131983   1.753215
 293      "iy-n+ah"    2    2.825315   2.193341   7.961063
 294      "eh-n+iy"    3    9.599406   6.178794   4.269887
 295      "eh-n+jh"    2    2.375450   4.612329   2.201979
 296      "iy-n+ey"    1    2.517909   1.051591   1.000073
 297      "iy-n+ih"    1    1.226853   1.024428   5.964014
 298       "s-aa+f"    2    7.649409   7.877257   7.620644
 299       "s-aa+k"    1    2.994341   1.020447  10.989305
 300       "s-aa+l"    1    4.342165   8.295295   1.015938
 301       "p-er+p"    1    6.628979   6.840902   7.057971
 302       "p-er+s"    1    1.307238   4.032039   5.987420
 303       "n-ey+l"    1    2.284976   1.130282   1.000127
 304       "n-ey+m"    1    1.312176   2.993222  24.357325
 305       "k-l+ih"    1    3.933366   1.004063   1.021995
 306       "k-l+iy"    2    9.243534  20.575642   2.220919
 307       "m-aw+n"    2    3.352488  16.645224   5.201307
 308      "r-ey+sh"    1    1.003667   1.078285   6.700295
 309      "hh-aa+b"    1   11.031675   2.158878   3.774696
 310      "ae-sh+t"    1    5.028072   1.053899   0.999939
 311       "m-ay+l"    1    1.039781  20.372616   6.723054
 312       "m-ay+n"    1    5.062071  11.918955   9.956523
 313       "m-ay+t"    1    1.105139   0.999843   9.386024
 314      "er-m+ae"    1    3.651419   1.104886   1.234487
 315      "aa-m+iy"    1    7.782168   1.653558   1.317130
 316       "s-ae+n"    1    0.999871   3.004606  17.992102
 317       "s-ae+t"    1    0.999820   3.222046  11.386672
 318       "t-eh+n"    4   22.611061   9.531240  31.324043
 319       "t-eh+p"    2    9.253442   3.885298  27.915783
 320       "t-eh+r"    1    5.000611   2.018331  14.901335
 321       "t-eh+s"    1    3.072556   1.964082  11.967043
 322      "k-ao+sh"    2    5.010325   4.354458  13.878183
 323      "f-ay+er"    2    9.806567  14.192116  20.230776
 324      "aw-s+ah"    1    5.214526   7.388257   1.284888
 325         "th+r"    4   30.869610  18.650259  10.327108
 326         "th-s"    1    1.068050   2.220922  23.866161
 327     "ah-jh+er"    1    4.353938   3.038386   7.474655
 328      "hh-ae+d"    8   16.465422  22.626392 124.464027
 329      "hh-ae+p"    1    3.867515   1.043275  11.432505
 330      "hh-ae+v"    9   25.212439  18.918707 115.298264
 331      "hh-ae+z"    1    1.807014   1.853212  15.338118
 332       "s-ah+b"    2    4.541898   3.850371   6.215879
 333       "s-ah+d"    1    1.914884   1.162216   3.546478
 334       "s-ah+k"    1    1.029945   0.999797   0.999793
 335       "s-ah+m"    3    9.543807  40.745136  19.576632
 336       "s-ah+n"    1    3.199544   1.598951   3.303538
 337       "s-ah+p"    3   11.537525  13.069742  23.864225
 338       "s-ah+s"    1    2.268459   1.087894   9.028069
 339       "s-ah+z"    1    8.101519   1.972910   0.999875
 340      "v-ih+ng"    2    4.110564   5.341765   7.655306
 341         "v+eh"    1    1.129866   3.882426   3.098854
 342         "v+ey"    1    1.062487   1.021426   1.000602
 343         "v+ih"    1    1.022472   3.247766  12.748550
 344       "b-oy+l"    1    7.454847   1.038229   1.017059
 345      "ih-l+ih"    2    4.119891   7.513176   2.060568
 346      "ih-l+iy"    2    6.225475  14.580713   8.110819
 347         "v+oy"    2    2.000515   2.001797   3.020988
 348      "ao-t+er"    4    8.502334   4.878817   7.110878
 349       "w-ih+l"    5   14.171654  15.005721  28.107002
 350       "w-ih+m"    1    1.110506   3.624889  12.028445
 351       "w-ih+s"    2    2.455702   3.549981   2.864046
 352       "w-ih+z"    1    1.006169   2.975861   2.019382
 353      "hh-ah+m"    1    1.382589   1.396977   9.017377
 354        "zh-ah"    1    1.021750   1.841471   3.696405
 355        "zh-er"    1    1.002074  16.639236  10.480105
 356         "v-er"    5   30.946732  50.732437  60.164253
 357      "th-r+iy"    2    9.325164   6.874550   4.825459
 358      "th-r+ow"    2   16.033142   9.118225   8.677545
 359      "th-r+uw"    2    5.341894   3.653686   9.249874
 360       "v-eh+n"    2    9.208305   6.134860   2.206244
 361       "v-eh+r"    1    6.604192   2.143863   3.274121
 362      "eh-f+er"    1    5.012171  24.050272   1.058790
 363      "n-ow+ih"    3   24.338306  27.294102  18.562206
 364       "s-iy+k"    1    4.934364   2.888389   1.071738
 365       "s-iy+v"    1    5.360308   2.401566  11.600578
 366      "aa-ch+t"    1    8.979931   2.918100  16.315834
 367      "hh-iy+r"    3   15.639667  19.921967   8.938723
 368      "v-iy+ah"    1    2.201802   4.898593   5.459283
 369       "w-aa+n"    4   11.351857  16.122688  23.885542
 370       "w-aa+z"   22   36.331432  51.498127 178.563766
 371       "s-ao+r"    1   14.116220   1.961442   8.300120
 372       "s-ao+s"    1    4.986029   6.983329   1.027605
 373       "t-er+d"    6   37.591618  33.670361  23.536968
 374       "t-er+n"    4   29.978554  18.996418  13.881682
 375       "t-er+z"    1    2.163394  14.830698   0.999874
 376       "r-ey+n"    6   14.005631  19.129602  36.310314
 377       "r-ey+t"    1    2.099342   4.474307  13.703510
 378       "r-ey+z"    1    7.631006   2.359850   2.293369
 379       "y-ih+r"    1    0.999992   1.089891   2.632768
 380      "hh-ao+r"    2    8.592318   9.676036   2.154046
 381       "s-t+aa"    5    8.362813   6.071975   7.063483
 382       "s-t+ah"    6    8.638122  10.734667  11.662322
 383       "s-t+ao"    3    3.759455  15.239476   6.997177
 384       "s-t+eh"    3    4.979204   2.999893   4.999585
 385       "s-t+er"    2    1.999661  10.125101   2.000948
 386       "s-t+ih"    5    9.478700   7.828924  15.981766
 387       "l-y+ah"    2    2.075839   5.605702  12.493071
 388       "s-t+uw"    1    1.000373   1.011261   1.098832
 389        "ch+ae"    1    1.063382   2.936203   0.999898
 390        "ch+ah"    1    1.000551   2.926010   0.999993
 391        "ch+er"    2   10.892528  15.168704   2.090548
 392        "ch+ey"    1    1.022506   2.492834  10.903335
 393        "ch+iy"    1    1.011946   1.989744   1.000261
 394      "iy-w+ah"    2    2.001465   9.590446  11.311533
 395     "ey-sh+ah"    2    7.009626  15.580309   5.376925
 396      "iy-w+ey"    2    1.999748   5.263536   9.679844
 397        "ch-er"    4   37.419983   5.120069  34.952396
 398      "ow-n+ey"    1    2.527632   1.959756   9.569549
 399         "n+aa"   17   30.051880  36.200783  69.062363
 400         "n+ah"    3    2.999775   7.115731   4.743859
 401         "n+ao"    2    2.030914   7.918808   8.100755
 402         "n+aw"    1    1.067930   2.745772   7.111598
 403         "n+ay"    2    5.165978   4.002398   4.108222
 404       "f-ow+b"    1    3.999087  11.491906   1.505636
 405       "f-ow+k"    1    4.036465  10.193630   7.722261
 406       "f-ow+n"    2   15.439665   5.766197   7.468680
 407         "n+eh"    3    6.235025   9.224543   7.737886
 408         "n+er"    1    1.025957   2.815972   4.970495
 409         "n+ey"    2    2.000221   5.548342   5.203200
 410         "n+iy"    1    1.177700   3.070251   0.999958
 411      "ih-d+er"    1    2.436779   1.557910   0.999886
 412      "ih-d+ih"    1    2.846044   2.157647   0.999963
 413         "n+ow"   10   16.543810  21.686619  36.816406
 414       "w-ah+n"    8   20.233345  12.389791  41.115051
 415       "w-ah+t"    1    0.999879   1.029431   9.483024
 416         "n+uw"    3   10.026093   3.972250   4.930258
 417       "v-er+d"    1    4.301247   9.212622   7.467275
 418       "t-ey+k"    1    1.983786   1.065494   1.066478
 419       "s-aw+n"    2    7.878280   2.065128  29.487455
 420      "er-v+ay"    1    1.317293   2.799253   5.359339
 421         "n-ah"    1    1.068815   3.595952  14.225077
 422         "n-aw"    1    2.176878   1.011076  14.785076
 423         "n-er"    1   10.401514   7.324210   9.243941
 424         "n-iy"    3    6.998311   4.173645  42.065971
 425         "n-ow"    3    9.027028  40.963089  12.959092
 426         "n-uw"    2   13.211464  21.075283  23.766933
 427      "hh-aw+s"    1    8.114921  19.883307   1.034745
 428       "n-y+ah"    1    1.000455   1.001479   0.999889
 429       "s-ay+d"    4   19.262218  37.113338  33.808834
 430       "s-ay+l"    1    4.994372  10.976615   1.400643
 431       "s-ay+n"    1    5.046128  12.970691   6.516876
 432       "s-ay+t"    2   14.156270  16.495415  16.221533
 433      "n-ih+ng"    3    8.852163   7.038384  24.031599
 434       "b-r+ey"    1    1.587065   4.384243   6.196179
 435       "b-r+ih"    4   16.086372  15.971468  20.045397
 436       "b-r+ow"    1    4.503352   4.769369   1.635374
 437      "hh-ay+d"    1    3.230258   3.939747  11.019595
 438      "hh-ay+t"    1    1.067396   0.999736  12.994432
 439      "d-ih+ng"    3   13.994117  19.054176  23.954094
 440      "d-ih+sh"    2    3.705748   5.017553  12.000362
 441       "y-ah+m"    1    1.000094   1.018829   1.000070
 442       "y-ah+n"    3    5.217128   3.848204  17.627113
 443       "y-ah+p"    2    2.068839   2.528642   8.065933
 444       "w-ao+k"    5    8.042438  23.814259  23.007015
 445       "w-ao+r"    2    2.367913   2.032761   2.010483
 446       "w-ao+t"    3    8.183948   7.000067  11.782499
 447       "v-ey+g"    1    7.516733   3.190128   6.978662
 448       "s-l+aa"    1    4.121045   1.075556   2.966085
 449       "s-l+ay"    1    7.048226   4.743908   1.938228
 450       "s-l+ih"    2    8.645134   2.045698   2.003043
 451       "s-l+iy"    4   23.597780   5.005812   5.822158
 452       "s-l+ow"    1    6.826971  13.064137   1.001202
 453      "ng-g+er"    2    2.824395   2.016552   6.830304
 454       "ow-d+z"    1    4.507268   4.602542   1.927423
 455      "uw-th+p"    1    2.945477   2.039322  21.317701
 456      "l-ay+ah"    1    3.788731   8.108277  10.449559
 457       "d-r+ae"    1    5.073143   2.263254   1.149666
 458       "d-r+ah"    1    2.028253   1.971138   0.999902
 459         "f+aa"    1    4.146940  10.699032  23.187468
 460         "f+ao"    6   14.536729  77.153084  57.346863
 461         "f+aw"    2    4.540717  31.092855  35.264973
 462         "f+ay"    2    9.677567  30.656698  30.289682
 463         "f+eh"    1    5.468615  10.923884   3.232910
 464         "f+er"    2    5.392924  30.373745  30.119299
 465         "f+ey"    1    1.504976  10.322415   2.697654
 466         "f+ih"    5   28.284847  57.589279  74.252411
 467         "f+iy"    2    7.349009   7.626154  18.691916
 468      "ae-th+r"    2   10.674201   3.207367   6.220140
 469         "f+ow"    4   26.141827  35.548496  33.212570
 470         "f+uh"    1    1.002553   8.609728  15.483444
 471         "f+uw"    1    1.006640  23.042107  11.470960
 472      "d-iy+ah"    2    5.417274  14.966947   5.320146
 473      "ay-ah+n"    1    1.000611   1.801792   5.933399
 474      "er-n+eh"    1    1.045028   2.005370   6.944587
 475      "er-n+ih"    1    1.015566   2.012221   1.058935
 476      "uw-v+ih"    1    1.380617   2.927595   0.999939
 477       "y-ao+r"    3   10.034000  10.096140  26.961569
 478      "ae-v+ah"    1    3.263878   1.100141   2.617862
 479         "uh-d"   13   62.406620  68.201996 138.245285
 480         "uh-k"    2    5.816059   2.006395   4.655674
 481         "uh-l"    1    1.241538   1.071150   2.599878
 482         "uh-r"    1    2.234302   1.485451   1.000425
 483         "uh-t"    2   16.026854   5.953244  22.903055
 484       "w-ay+l"    1    1.001972  17.305019   1.000664
 485       "w-ay+n"    1    1.241571   3.528893   8.666070
 486       "w-ay+t"    3    9.873378  13.117034  12.961407
 487       "ow-l+d"    3   13.111731   4.044632   5.956331
 488       "f-r+ah"    2    3.387838   9.082864  10.410458
 489         "w+aa"   29  327.502441 191.904449 171.278091
 490       "ow-m+w"    1    5.780490   1.184005   1.366065
 491         "w+ah"    4   16.163729  30.661991  24.446424
 492         "w+ao"    8   88.957497  70.826836  35.863716
 493         "w+ay"    4    6.256860  30.330564  19.564369
 494      "k-er+ih"    1    0.999987   0.999974   0.999975
 495         "w+eh"   14   54.850288  64.053734  60.957989
 496         "w+er"   12   39.483562  97.365250  76.718361
 497         "w+ey"    3   37.216637  28.036823  14.861371
 498       "f-r+ih"    1    1.011615   3.874200   3.727620
 499       "f-r+iy"    1    1.209431   2.823089   1.010358
 500         "w+ih"   15   95.988586  72.657822  69.105652
 501         "w+iy"    6   59.739449  21.791140  24.227732
 502      "ih-m+ih"    1    3.303700   2.668317   1.104298
 503      "ih-m+ow"    1    2.528950  10.605328   2.035008
 504         "w+uh"    4   73.769508  23.907110  11.950484
 505       "ow-n+l"    3    7.311693   5.508397  10.664820
 506      "ey-z+er"    1    3.954205   5.909391   1.021081
 507         "w-ay"    1    1.000031  11.843152   8.680294
 508         "w-er"    8   37.284016  72.012772  94.155640
 509         "w-ey"    4   17.619331  11.397836  72.568108
 510       "l-ow+p"    1    1.087642   7.223383   7.732535
 511      "p-aw+er"    1    1.005626   1.002900  22.945559
 512         "w-iy"    6   20.997450  20.567533 107.282112
 513       "ow-p+s"    1    1.010074   1.008548   1.011834
 514      "iy-g+er"    1    3.603337   1.729084   1.074786
 515      "ay-t+ih"    1    5.634068   1.352636   1.000413
 516        "sh+aa"    1    3.312124  12.686497   1.166694
 517        "sh+ao"    1    4.779435   2.403834  17.671803
 518        "sh+eh"    2    4.526552  13.142274  12.441356
 519        "sh+iy"    7   13.784494  16.834328 121.761757
 520        "sh+uh"    3   11.233302   9.276194  32.976715
 521       "ow-s+t"    1    3.601637   1.236360   7.128482
 522          "b+l"    5   11.569713  10.679929  69.980064
 523          "b+r"    6   13.687482  12.720933  55.821899
 524          "b-d"    1    1.026539  10.098827   4.439283
 525      "er-f+ah"    1   13.156069   1.000320   1.000304
 526      "uw-n+aa"    1    1.982215   1.180907   1.000220
 527        "sh-iy"    7   24.114941  27.213997 125.512863
 528          "d+r"    2    2.000037   2.007721   2.484920
 529          "d-z"    3    4.957908  21.862982  32.888786
 530      "ae-n+ah"    2    4.243384   2.099224   5.239290
 531        "ow+sh"    1   11.290251   1.000951   0.999996
 532       "ow-v+z"    1    3.727046   1.093861   9.628717
 533       "n-ow+b"    4   20.210459  16.477535  29.025984
 534       "n-ow+z"    1    1.149831   0.999887   1.001002
 535          "f+l"    2    5.749327  10.526302  14.158011
 536          "f+r"    3   13.279743  30.495314  16.218765
 537          "f+y"    2    9.444678  18.496191  20.726406
 538          "f-t"    4    8.874926   4.021834   4.941818
 539          "g+r"    4    8.114192  14.808773   9.348632
 540          "g-z"    1    1.220890   2.464106  31.781147
 541      "t-ih+ng"    4   12.940244   9.027742  37.867378
 542         "uw-d"    1    8.152528   1.137713   4.080141
 543         "uw-l"    2    5.411333  19.488098   6.906498
 544         "uw-m"    2    4.881831  21.760721  12.569883
 545         "uw-n"    2    2.682449   3.457236  31.589886
 546         "uw-v"    1    1.081160   3.359957  43.563202
 547         "uw-z"    1    1.201548   5.996442   7.055606
 548      "m-th+ih"    1   30.425381   3.937323  10.527006
 549      "ah-r+eh"    1    1.000572   1.000675   1.021796
 550          "k+l"    2   15.432599   5.086305   2.522533
 551          "k+r"    6   14.165139  30.890894  13.047633
 552          "k+w"    2    2.945093   2.991103   9.993090
 553          "k-s"    6    8.404274  12.698587  52.693993
 554          "k-t"    9   18.503908  16.947945 144.029114
 555       "p-ow+l"    1    2.441545  19.323086  10.932926
 556      "ay-l+ah"    1    1.735653   5.917960   1.879523
 557          "l-d"    6   12.455903  28.472551  15.615735
 558          "l-f"    1   14.357498  30.592670   1.000138
 559          "l-p"    1    0.999768   1.046181   4.969025
 560          "l-t"    1    1.216217  10.746981   2.713651
 561          "l-z"    7   18.727942  30.478781  84.034561
 562      "ay-l+ih"    1    1.976686   1.078607   1.002749
 563       "b-s+ah"    1    1.058492   1.040668   3.644394
 564          "m-z"    2    4.032862   4.289452  16.738079
 565      "iy-ey+t"    1    0.999968   1.009291   9.287145
 566       "p-oy+n"    1    5.060410   1.687297   9.187170
 567          "n-d"   26   50.144657  86.923027 248.221115
 568          "n-s"   10   40.791954  33.781685 160.217987
 569          "n-t"   16   28.907290  34.721241  84.275955
 570          "n-z"    8   16.653999  23.649345  62.797215
 571      "ih-v+ih"    1    2.540305   1.025111   1.012927
 572      "ih-v+iy"    1    5.656185   1.019648   2.648519
 573     "ih-jh+ah"    1    6.845979   1.942125   3.909039
 574      "r-ay+ih"    1    1.005057   3.934799   6.751025
 575          "p+r"    9   28.513744  20.415194  16.321724
 576          "p-s"    1    2.945634  21.894604   7.931173
 577          "p-t"    4   18.952415  15.146882  34.398251
 578         "eh+f"    1    1.052357   1.048602   1.533166
 579         "eh+n"    9   23.701042  26.571833  49.593155
 580         "eh+v"    7   20.768673  16.864548  69.201141
 581         "eh-d"    6   30.875364  41.427670  63.763981
 582         "eh-l"    2    4.549492  16.863991   2.070418
 583         "eh-m"    3   20.973635  13.244633  22.497297
 584         "eh-n"   10   32.320179  45.443054  87.273911
 585         "eh-r"   11   56.453758  31.272276  85.686302
 586         "eh-s"    3   10.107027   8.348790  53.339214
 587         "eh-t"    7   37.828720  21.883818  81.881142
 588         "eh-z"    1    3.481023   2.375106   8.729472
 589        "m-p+l"    1    1.132918   1.187158   1.511328
 590        "m-p+r"    2    3.388106   2.628085   2.021275
 591      "iy-p+ah"    8   21.577526  10.707285  10.917016
 592          "r-d"    4    8.390164  14.298977  24.091305
 593          "r-k"    2    2.065279  11.122345  16.923628
 594          "r-m"    1    1.067727  10.673577   4.074398
 595          "r-s"    1    3.285033   6.147948  15.639647
 596          "r-t"    1    1.028589   1.198819   6.951123
 597          "r-z"    5   17.600395  37.821190  80.293175
 598      "dh-eh+m"    3    7.004727   6.000609  15.994177
 599      "dh-eh+r"    7   20.256191  20.572607  82.737991
 600      "eh-p+th"    1    1.054210   1.000241   1.009885
 601       "r-ow+d"    3   10.869477  16.006454   9.116244
 602        "ih-dh"    6   36.072704  15.660155  24.586042
 603       "r-ow+k"    1    1.138359   0.999887   5.926481
 604       "r-ow+l"    1    4.599598  11.016865   4.237968
 605       "r-ow+m"    1    3.969170   8.531237   1.463469
 606       "r-ow+v"    1    0.999760   1.000144   1.565206
 607        "ih-jh"    5   34.625477  56.809509  38.737598
 608        "ih-ng"   43  191.869141 403.839081 356.588715
 609          "s+k"    4   14.878610  18.673159  42.207184
 610          "s+l"    6   26.112143  18.605385  55.723763
 611          "s+n"    1    3.740767   2.511933  12.990946
 612          "s+p"    6   14.582402  20.679119  40.690525
 613          "s+t"   15   57.416862  61.366112  91.364944
 614          "s+w"    1    6.326118   1.193134  14.310271
 615          "s-k"    1    1.000198   0.999824   1.007726
 616          "s-t"   18   33.352783  38.107014  85.054245
 617        "ih-sh"    2   10.970579  15.364196  45.517086
 618      "th-ah+n"    2    2.327455   4.882959  12.430108
 619       "k-n+ih"    1    1.194814   4.575086   1.641156
 620       "f-b+ao"    1    1.698662   1.012508   5.090968
 621         "g+aa"    4    7.831469  11.051537   9.270096
 622          "t+r"   11   24.584517  28.966969 144.125656
 623          "t+s"    1    1.020141   2.432628   0.999968
 624          "t+w"    1    1.010973   1.006729   6.648030
 625         "g+er"    1   15.176134   4.463135   5.505574
 626         "g+ey"    2    5.073645   2.436710   1.999733
 627          "t-s"   10   34.828777  44.212631 144.554581
 628         "g+ih"    2    3.833453   5.026179   5.733621
 629         "g+ow"    8   27.599943  22.386305  54.350719
 630         "g+uh"    2    4.308337   6.097505  10.877304
 631          "sil"  200  3230.074463 15045.803711 1759.315674
 632       "g-uh+d"    2    4.762132  15.757236  13.874879
 633       "b-ih+f"    1    3.962869   2.314225   8.723461
 634       "b-ih+k"    1    2.840811   3.966952   4.259069
 635       "b-ih+l"    2    6.000605   3.825189   6.137897
 636       "b-ih+n"    1    3.501441   1.607355  18.025337
 637         "g-er"    3   13.152885  12.014602  19.927004
 638       "b-ih+t"    1    4.001127   1.952284   7.705877
 639          "v-d"    4   11.949045  23.175240  46.247303
 640          "v-z"    2    2.048512   5.095993  17.664162
 641         "g-ow"    4    9.050694  23.446449  39.619507
 642      "ay-d+ih"    3   11.013753   3.003199   2.999490
 643      "ay-d+iy"    1    1.431239   1.001194   0.999782
 644        "iy-ah"    1    1.000175   2.068199  22.110580
 645        "iy-ch"    3   19.918211  12.382092  33.464409
 646        "iy-er"    1    7.917627  14.603088   8.992430
 647       "uw-v+d"    2    4.187208   6.434435  25.755140
 648       "t-ow+l"    2   18.131905   9.866032   2.026319
 649       "t-ow+n"    1    4.530376  17.683987   1.004275
 650          "z-d"    7   10.894734  15.991640  29.044508
 651      "th-ao+t"    2    7.733530  26.018747  13.875038
 652      "ih-n+ah"    2    2.722342   3.096114   6.045510
 653      "ih-n+er"    1    1.384850   1.543329   1.012067
 654      "ih-n+jh"    2    2.137003   3.002043  16.424639
 655       "b-aa+d"    4   13.963019   6.996296  29.889414
 656       "b-aa+r"    1    3.848347   2.064446   8.975833
 657       "b-aa+t"    1    3.976684   3.594085   1.194820
 658         "er-d"   13   31.567728  55.907009 208.354721
 659         "er-k"    2    3.328708   5.071041  20.331850
 660         "er-t"    1    1.019413   7.954042   1.641536
 661         "er-z"    3   12.132298  14.313008  56.092686
 662       "d-ih+d"    9   24.607815  21.665829  63.520302
 663       "d-ih+n"    1    7.802638   1.171161   6.481196
 664       "d-ih+s"    7   42.177872  16.636932  40.831760
 665       "d-ih+t"    1    1.657048   1.007754   3.715300
 666       "uw-z+d"    3   12.640077  28.631908  13.766523
 667       "uw-z+m"    1    3.311277   1.764203   9.892149
 668      "s-ih+ng"    4   12.095967   7.107727  24.523357
 669       "p-r+aa"    5   14.258767  15.411621  20.682760
 670       "p-r+ae"    2    2.022290   3.832765   9.426631
 671       "p-r+ah"    1    1.000677   2.034547   2.383210
 672       "p-r+ay"    2    5.218548   5.726562  11.050162
 673       "p-r+iy"    1    1.000209   1.017128   1.104350
 674     "ao-sh+ah"    2    9.383844   3.282870  15.901591
 675      "er-eh+k"    1    2.086645  15.090010   2.212504
 676      "er-eh+s"    1    1.013144   2.078773   3.769003
 677       "p-r+uw"    2    2.093024   2.921462   9.564840
 678       "b-ae+d"    1    0.999849   4.010853  17.617447
 679       "b-ae+g"    1    1.085234   2.909859  12.980742
 680       "b-ae+k"    4    7.482179  18.508577  50.057163
 681       "b-ae+l"    2    4.637887  10.255264   2.104431
 682       "b-ae+n"    1    1.000194   3.953073   1.003603
 683      "ah-b+ae"    1    2.490863   1.685392   1.160878
 684      "ah-b+ah"    2    9.531861   2.228454   3.599506
 685      "ah-b+aw"    2    5.203196   3.049875   5.864026
 686      "ey-b+ah"    1    1.025263   1.025114  33.947464
 687      "er-g+aa"    1    1.000817   1.012028   2.856401
 688      "b-iy+ah"    1    4.755603   8.170455   1.076353
 689      "b-iy+ch"    3   11.920089  29.136137  26.488163
 690         "ey+b"    1    1.000373   0.999973   1.000568
 691       "d-aa+g"    1    4.852328   4.409672  10.775466
 692       "d-aa+l"    1   12.596116   4.768111  15.088161
 693       "d-aa+r"    1    2.999398   0.999799   0.999799
 694         "ey+t"    1    1.666220   3.520208  12.807886
 695       "b-ah+b"    1    2.000624   4.067233  12.930018
 696       "b-ah+l"    3    7.064191  10.156350  11.989575
 697       "b-ah+s"    2   12.589095   9.218192  21.169271
 698       "b-ah+t"   10   33.554642  36.029789 105.339302
 699         "ey-d"    1    3.146147  15.256104  29.203989
 700         "ey-g"    1    7.368207   4.038995  19.893198
 701         "ey-k"    1    5.287014   1.019618   1.006132
 702         "ey-m"    2   24.609884   4.578106   7.119095
 703         "ey-n"    3    5.525813   5.085120  43.252213
 704      "sh-aa+r"    1    4.451904   3.334130  11.849849
 705         "ey-t"    3   17.256142   9.424376  18.992640
 706         "ey-v"    3   23.788361  10.467134  21.625891
 707         "ey-z"    3   11.891918  15.928286  28.270220
 708      "b-iy+ih"    1    4.117472   2.334166  24.464113
 709       "v-oy+s"    2   12.967041  14.134446  14.581163
 710         "ng-k"    1    1.001487   0.999962   1.000483
 711         "ng-z"    2    5.089628  20.822403  13.155905
 712       "k-uh+d"    5   16.985300  22.076454  39.536427
 713       "k-uh+k"    1    4.958245   1.680285   5.330938
 714      "jh-uw+n"    1    1.018199  11.837066   1.063530
 715       "f-ih+g"    1    3.960143   1.956376  12.118306
 716       "f-ih+n"    1    3.055793   1.646210   5.033597
 717       "f-ih+r"    1    3.013818   2.154318   6.659268
 718       "k-w+ah"    1    4.788364   5.937783   3.147460
 719       "k-w+ay"    3    3.058271   8.224996   6.798916
 720      "ow-p+ah"    1    1.000054   2.776014   6.427776
 721      "t-uw+th"    1   13.962668   1.034027   6.032940
 722       "k-w+er"    1    1.004026   3.730232   3.772684
 723       "d-ae+n"    1    8.433558   4.663919   6.971101
 724         "p+aa"    1    1.008397   3.042018   6.713569
 725         "p+ae"    3    8.047110   6.285212  12.133328
 726         "p+ao"    3   23.480547   4.081606   4.862411
 727         "p+aw"    1    1.213323   1.001626   1.001602
 728         "p+ay"    2    7.005317  12.224678   2.947859
 729         "p+eh"    3    7.708905   6.000472   5.134173
 730         "p+er"    2    9.665587   5.056672   2.343605
 731      "ih-f+ao"    1    5.652548   4.322924   1.022629
 732         "p+ih"    4   19.046547   7.068323   7.871003
 733         "p+iy"    9   24.052950  17.374527  18.720947
 734      "ih-f+ih"    1    3.421493  11.440948   3.443714
 735         "p+ow"    1    1.035358   2.406340   1.098529
 736         "p+uh"    2    2.108788   8.610693   7.168581
 737         "p+uw"    1    1.039408   1.644858   1.092128
 738      "ah-s+ao"    1    3.677612   5.926399   1.001281
 739      "ah-s+ay"    1    4.033915   5.755260  12.209882
 740        "ae+ng"    1    1.019051   3.219690  10.997965
 741         "p-aa"    1    1.181624   1.111257  26.900484
 742         "p-ay"    1    1.537702  16.678314  12.362952
 743         "p-er"    1    9.622297   0.999819   1.000500
 744       "f-aa+g"    1    3.005908   1.065670  23.878752
 745       "d-ah+b"    1    1.227005   5.466503   5.731896
 746       "d-ah+k"    1    2.150871   5.100455   3.323879
 747       "d-ah+l"    1    0.999859   0.999811   0.999811
 748       "d-ah+m"    1    7.395704   2.497530  11.071294
 749       "d-ah+n"    6   23.774370  15.226705  28.243460
 750       "d-ah+z"    2   12.465065   5.553392  23.968910
 751       "b-ao+r"    1    4.561592   8.272081   4.160953
 752      "sh-ah+n"    8   22.055788  20.626291  36.910484
 753      "sh-ah+s"    2    4.559412   3.377538   8.257562
 754      "z-iy+er"    1    6.062964   3.611614   3.053742
 755        "p-s+t"    1    1.269596   2.915314   4.424917
 756        "ae-ch"    1    5.339612   4.859329  16.983501
 757        "ae-sh"    2    8.810448  14.470924  36.039249
 758       "t-r+ae"    5   49.934296  13.054017  10.080544
 759       "t-r+ay"    1   11.606483   1.399603   1.001792
 760       "t-r+eh"    1    6.304787   4.049076   2.293095
 761       "t-r+ey"    1    2.980689   3.196997   5.000546
 762       "t-r+iy"    5   46.511429  11.065435  10.403769
 763      "p-er+ih"    2    7.422383   1.999691   1.999690
 764      "p-er+iy"    2    8.813324  11.639667   2.000088
 765       "m-w+ah"    2    1.999900   7.458393   8.108420
 766       "m-w+er"    1    0.999850   5.004763  10.938183
 767      "jh-eh+l"    1    0.999876   0.999956   1.000156
 768      "jh-eh+n"    2    6.549701  10.369482   2.993200
 769      "n-ey+ch"    1    1.165729   3.670406   8.216785
 770       "g-eh+n"    2    2.001494   4.013732  20.979965
 771       "g-eh+t"    1    1.818392   3.210118   4.005847
 772      "n-ey+jh"    1    1.004807   2.910599   5.905166
 773       "d-iy+p"    2   28.292688  16.434961  16.187208
 774      "zh-ah+n"    1    0.999818   0.999866   1.004067
 775       "ay-l+z"    2    4.842908   7.612297  10.368855
 776       "s-n+ae"    1    0.999784   3.111243   1.912953
 777      "ae-g+ih"    1    9.998322   1.236083   0.999898
 778       "ay-m+z"    1    8.109315   1.716454   1.144861
 779       "f-ah+d"    1    4.532018   1.044886   3.312932
 780       "f-ah+l"    1    5.584759   1.171540   0.999881
 781       "d-ao+g"    2   20.168234  23.804836   4.047175
 782       "d-ao+t"    1   16.985006  12.016346   4.107980
 783       "n-b+ow"    2    2.004604   3.949690   2.040899
 784      "sh-ao+r"    1    4.701838   1.854767  11.368875
 785       "ay-n+d"    1    1.614717   1.378079   3.473880
 786       "b-aw+t"    2   10.313804   3.875295  25.831480
 787      "w-er+th"    1    1.497464  10.426138   6.091862
 788       "k-uw+l"    1    1.170457   0.999913   0.999911
 789        "s-f+y"    1    1.023634   1.001590   4.622982
 790      "ao-f+ih"    1    5.072271   1.007077   5.254014
 791      "b-ae+th"    2    2.000892   9.934793  17.393583
 792       "v-r+iy"    3    4.245909   5.812994   6.956930
 793      "ah-k+ey"    1    6.008567  10.272533   1.133735
 794      "ey-k+ah"    1    1.787801   1.864317   2.268438
 795      "er-p+ah"    1    1.001022   1.000889   1.000347
 796       "ey-d+z"    1    7.026717   3.277713   1.579399
 797       "f-iy+d"    1    3.992131   1.001372  11.174545
 798       "f-iy+t"    1    3.957179   9.495156   1.511839
 799       "n-s+ah"    1    3.956068   2.560690   1.453936
 800       "n-s+ih"    3   32.270359   9.473984  10.488734
 801       "ay-t+s"    2    6.104826   2.040887  12.044010
 802       "n-s+iy"    2    7.607045   4.232176   9.809164
 803       "ay-t+t"    1    3.938615   1.077227   0.999905
 804      "jh-er+l"    2   11.681616   2.281045   7.352888
 805       "f-ao+r"    7   29.750574  40.438484  56.487663
 806       "g-er+l"    2    4.614281   2.100123   8.267186
 807       "b-l+ah"    4   19.259270   7.274283   5.997206
 808       "b-l+er"    1    4.012125   1.193012   9.799999
 809       "b-l+ih"    2   14.087610   2.241627  22.857058
 810       "b-l+iy"    2    3.340890   2.000342   1.999711
 811       "d-aw+n"    1    7.963285   1.368769  18.662563
 812       "l-ih+k"    1    1.019053   1.694508   2.856661
 813       "l-ih+p"    3    6.435792   9.449612  18.118572
 814       "l-ih+r"    1    2.363945   1.961503  12.236554
 815       "l-ih+s"    1    2.624696   2.001676   9.264401
 816       "l-ih+t"    1    1.065740   1.755907   3.877758
 817       "l-ih+v"    1    8.708531   1.658715   6.033050
 818       "m-uw+v"    2    2.140530   4.221745  29.376266
 819      "ch-ey+n"    1    1.008891   1.005195  14.605292
 820         "y+ao"    3    9.999668  12.051827  15.917598
 821       "f-t+er"    2    2.015853  15.185090   5.232950
 822         "y+eh"    4   16.757072  13.560686  19.355366
 823         "y+ih"    1    3.004557  13.760822   7.572474
 824       "d-ay+l"    1    1.004451   1.029644   1.001030
 825       "d-ay+n"    2    3.292984   1.999743   2.447748
 826         "y+uw"   13   50.403938  50.949924  72.485710
 827       "s-f+er"    1    1.008444   1.042947   3.908002
 828       "k-eh+p"    1    5.453531   2.386260  10.537198
 829        "s-p+l"    1   10.746110   1.804412   1.016420
 830         "y-uw"   13   28.263348  54.584419 163.313614
 831       "ey-l+z"    1    1.005030  20.833225   1.018983
 832       "ay-z+d"    2    4.780573   5.589108  14.210648
 833       "ao-k+t"    3    5.918460   5.137099   7.803251
 834       "l-aa+r"    1    1.022161   3.301394   7.569048
 835       "l-aa+t"    3    7.774162  14.222901  16.695961
 836       "ao-l+d"    1    1.051394   1.076322   1.608915
 837       "ao-l+w"    1    1.000017   1.007288  20.959568
 838      "ae-ng+g"    1    1.000694   0.999936   0.999936
 839      "ae-ng+k"    1    3.946289   6.475959   2.403342
 840       "g-ey+v"    2    2.000849   2.606267  16.002790
 841       "ey-n+b"    2    4.746244   4.854483  20.736860
 842       "ey-n+s"    1    3.554783   1.189299   0.999945
 843       "ey-n+z"    1    1.028605   1.056946   9.825685
 844       "d-l+iy"    2    9.270113   3.733182   3.898493
 845       "f-aw+n"    2    7.047960   6.885741  38.852039
 846       "n-ih+k"    1    1.134510   2.881600  11.822291
 847       "n-ih+t"    1    1.007469   1.018125   4.609136
 848      "g-ow+ih"    2    2.003068  16.372904   2.000523
 849        "s-t+r"    1    0.999633   0.999659   0.999633
 850        "s-t+s"    1    0.999816   1.003279   1.006222
 851      "w-ay+er"    1    1.973017   0.999909   6.790378
 852      "uw-p+er"    1    8.299606   2.606005   1.131216
 853      "uw-p+ih"    1    6.025840   1.151911   1.134736
 854       "l-ae+g"    1    1.137571   3.787286  21.731462
 855       "l-ae+t"    1    1.013889   1.000104  13.448460
 856       "s-w+ih"    1    1.001876   6.156160   1.007149
 857      "ae-p+ah"    1   16.214102   1.076121   1.011161
 858      "ae-p+ch"    1    9.546399   1.000375   1.002074
 859       "m-eh+m"    3    8.165154   7.756044  12.047157
 860       "m-eh+n"    1    1.857185   3.146921  11.005659
 861       "m-eh+t"    1    3.019447  12.772084  10.181059
 862       "n-k+aw"    1    1.755637   1.197042   1.151752
 863      "iy-z+ah"    1    5.206550   3.440791   1.004282
 864      "iy-z+er"    1    1.044959   1.947102   1.209501
 865       "ae-b+d"    1    1.421416   3.846502   1.010800
 866      "iy-z+iy"    1    4.877121   1.687661   1.422745
 867       "ao-r+d"    4   11.087196   5.008862  20.995926
 868       "ao-r+k"    2    2.000782   2.019619  15.752864
 869       "ao-r+m"    1    1.000433   1.000029   1.000203
 870       "ao-r+n"    3    6.288637   6.690784  36.015572
 871       "ao-r+s"    1    1.006451   1.090097  10.069893
 872       "ao-r+t"    1    1.011179   1.000350   0.999973
 873       "ao-r+z"    1    2.977265   1.023224   1.001394
 874      "t-aw+er"    1   13.085285   1.008498  13.311585
 875       "n-aa+m"    1    3.174789   2.093255   1.632282
 876       "n-aa+t"   17   61.396847  52.467949 138.152954
 877       "l-ah+d"    3    6.984409   9.940070  41.320393
 878       "l-ah+k"    1    6.212508   1.793709   0.999989
 879       "l-ah+m"    1    1.012457   1.002908   1.000651
 880       "l-ah+n"    1    1.004725   1.197167   1.301171
 881       "l-ah+v"    2    2.001057   2.349357   2.034766
 882       "ao-s+p"    1    3.687669  10.719468   1.485908
 883       "ao-s+t"    3   13.712208  24.545671  33.250557
 884       "f-l+ae"    2    7.847441   2.272092  11.371331
 885       "ae-d+v"    3    5.480038   5.973269   3.711486
 886      "ah-t+eh"    2    7.285799   2.798321  13.265705
 887      "ah-t+er"    1    6.434858   3.609455   0.999941
 888       "p-ih+d"    1    2.079252   2.191353   3.817132
 889       "p-ih+g"    2    3.024015   3.559092  15.633904
 890       "p-ih+k"    2    2.215948   3.134577  10.911440
 891       "p-ih+r"    1    1.947646   2.023081   3.933091
 892       "p-ih+t"    1    1.556607   2.069427   8.384415
 893      "ey-t+ah"    1    2.052415   1.006117   0.999916
 894      "ey-t+er"    1    1.952301   0.999919   0.999919
 895      "ey-t+ih"    3    9.497627   5.688878   3.007617
 896     "sh-ih+ng"    2    4.399981   3.517282  13.235196
 897      "v-er+ih"    1    3.139218   3.742071  10.658931
 898      "v-er+iy"    2    8.792012  11.354911   2.081974
 899       "ae-f+r"    1    5.945765   1.057806   9.976505
 900       "ae-f+t"    2    9.947049   6.574593   8.042059
 901       "n-ae+p"    1    1.004373   4.383932  16.757635
 902       "iy-k+r"    1    2.637372   5.013408   1.003701
 903       "l-iy+n"    1    2.478397   5.820806   2.507566
 904       "l-iy+p"    1    3.161530   1.000294   1.000536
 905       "l-iy+s"    1   13.369068   1.188972  17.157101
 906       "l-iy+v"    2    5.528422  19.502253  19.060081
 907      "ay-n+ah"    2    4.552696   3.735620   3.671194
 908       "ey-z+d"    2    6.730687   2.945575  13.704009
 909       "p-aa+r"    1    1.215099   1.034731   0.999714
 910       "n-ah+f"    1    1.357257   2.661630   7.058366
 911       "n-ah+l"    2    2.384532   4.401577   6.985558
 912       "n-ah+m"    1    3.927794   2.860922  22.838886
 913       "t-s+uw"    1    1.002443   2.571434   1.000442
 914       "n-ah+s"    2    2.976377   4.018427  10.992859
 915       "n-ah+t"    3    6.025509   5.298055  14.156429
 916       "l-ao+r"    1    3.813927   1.002439   5.898799
 917       "l-ao+s"    3    7.552966  10.343372  18.947233
 918       "m-er+d"    1    5.109768   6.406321   3.606456
 919       "k-ey+d"    1    1.851997   5.098815   8.103647
 920       "k-ey+m"    1    1.099496   2.919426  15.922888
 921       "k-ey+t"    1   14.486344   3.090488   0.999914
 922      "g-ih+jh"    1    1.312088   1.180688  15.581893
 923       "w-uh+d"    4   11.360772  20.534475  39.577198
 924       "ae-k+s"    1    1.978866   1.023685   1.006580
 925       "ae-k+t"    3    4.111792   3.009527   5.555055
 926       "ae-k+w"    1    1.577378   1.401917   3.050005
 927       "r-ih+k"    1    1.004554   1.421919   1.088421
 928       "r-ih+l"    1    1.000343   1.065324   2.574937
 929       "s-uw+n"    2    9.522177   9.302759   6.668632
 930       "s-uw+p"    1    4.015995   2.454300   6.226465
 931       "iy-p+w"    1    0.999937   0.999962   0.999988
 932     "ih-sh+ah"    2   26.574560  11.797793   3.721911
 933     "ih-sh+er"    1    3.004649   2.033157   5.860606
 934     "ih-sh+ih"    1    3.225882   4.753660   4.807022
 935      "eh-r+ah"    2    2.627438   3.018106  28.016111
 936      "eh-r+ih"    1    1.001625   1.002087  11.949448
 937      "eh-r+iy"    1    1.178224   1.032729   1.059912
 938        "aw-er"    2   19.411514  16.274254  22.401096
 939       "p-ae+k"    1    1.001532   2.806593   1.135917
 940       "p-ae+n"    2    2.114881   5.177667  12.318806
 941       "p-ae+s"    2    2.047429   2.121494  22.471479
 942       "ae-n+d"    3   12.649735   9.030942  14.236617
 943       "ae-n+g"    1    1.080034   1.017046  30.648403
 944       "ae-n+s"    3    9.066913   6.033366   6.846075
 945       "ae-n+t"    3    9.406242   8.092404  13.641031
 946       "ae-n+y"    1    1.423997   1.357189   9.253318
 947        "aw-th"    1    0.999924   1.004250   5.591051
 948       "r-k+ih"    1    3.571853   2.742494   4.094155
 949       "n-iy+d"    1    3.955077   7.026489   0.999933
 950       "n-iy+w"    2    6.593560   7.430946   3.465190
 951       "iy-s+t"    2    7.844756   6.858122  18.070723
 952         "ow+n"    3   18.001396  13.427045   7.264335
 953         "ow+p"    1   15.050223   4.707663   5.068856
 954         "ow-d"    2    3.921882   3.615168   2.809241
 955         "ow-k"    1    1.023562   1.000076   0.999799
 956         "ow-l"    2    2.000947   2.004485   2.258797
 957         "ow-n"    2   10.774145   3.593439  11.862672
 958         "ow-p"    2    4.120322   2.033155   2.043894
 959         "ow-z"    1    6.222445  25.617117   1.005888
 960        "ey+zh"    1    1.152017   3.861176  12.984539
 961       "iy-t+s"    1    9.672246   1.125551   6.044795
 962      "ah-l+ay"    2    2.030886   6.497870  12.805952
 963      "ah-l+er"    1    1.024322   1.520987  20.941048
 964       "r-aa+b"    2    2.242986   3.793275  14.281936
 965       "r-aa+d"    1    0.999705   1.004291   2.023978
 966       "r-aa+k"    2    2.985065   5.046702  11.901943
 967       "r-aa+s"    2    2.033989   3.136894   4.094360
 968       "p-ah+g"    1    1.018826   2.034353   2.764967
 969       "p-ah+l"    7    7.650912  15.641614  25.609711
 970       "p-ah+n"    3    8.446768  20.201921  22.403538
 971       "p-ah+s"    2    2.004178   2.533013   9.668773
 972       "n-ao+r"    2   10.986230  17.401838  15.405311
 973      "ah-l+ih"    1    2.999741   0.999906   0.999906
 974      "ah-l+iy"    2    2.077844   3.824981   2.103536
 975      "ey-l+iy"    1    5.013980   3.831113   1.051886
 976     "th-ih+ng"    6   12.062084  13.431704  39.010906
 977       "m-ey+d"    1    2.672359   1.340648  15.355545
 978       "m-ey+k"    1    2.713229   1.268652   8.094421
 979       "m-ey+t"    1    1.486954   1.921322  12.921654
 980       "m-ey+z"    2    4.476574   4.852272  33.146858
 981        "ey-jh"    1    0.999939   0.999938   1.000401
 982       "l-aw+d"    1    3.564021   1.526498  20.898039
 983         "oy-l"    1    1.002132  28.325504   1.243077
 984         "oy-s"    2    8.650306   4.717133  15.765640
 985         "oy-z"    2   16.749893   6.108167  17.174210
 986       "iy-v+d"    1    6.298130   1.536595  11.385059
 987       "t-ih+d"    5   12.998628   9.013155  34.685555
 988       "t-ih+k"    3   13.118106   6.882053  24.679491
 989       "t-ih+l"    3   12.968938   5.989851  20.940365
 990       "t-ih+s"    2    5.969665   2.059525   3.974141
 991       "t-ih+v"    1    5.867108   1.187011  10.763885
 992      "ih-ng+b"    1    1.122655  16.036608   4.544133
 993      "ih-ng+k"    2    9.031352   8.688952   2.221381
 994      "ih-ng+l"    1    8.891403   1.073011   7.043286
 995      "ih-ng+n"    1    3.138328   5.952277   0.999783
 996      "ih-ng+z"    2    5.721692   9.087166  22.544020
 997       "ae-s+k"    1    4.881795   1.191562  15.022870
 998       "ae-s+t"    1    3.955425   1.053577  13.973966
 999       "n-t+ah"    7    8.813725   8.692986  12.897435
1000       "n-t+eh"    1    1.001476   5.026770   1.000080
1001       "n-t+er"    4    6.788340   6.193885   7.974420
1002       "n-t+ih"    3    6.300776   3.095644   5.999129
1003       "g-y+ah"    1    1.413566   2.745017   7.329620
1004       "l-ay+d"    2    2.200713  21.973900  16.306440
1005       "l-ay+f"    4   16.865381  47.379982  34.371754
1006       "ae-t+s"    1    2.523318   1.021630   1.003947
1007       "l-ay+k"    4   17.483021  27.166969  24.523880
1008       "l-ay+t"    2    6.574028  25.080357  21.336882
1009       "l-ay+v"    1    3.999592  14.978129  14.075421
1010       "l-ay+z"    1    6.568660   9.476391   5.956564
1011       "n-t+uw"    7   13.610425  26.169262  12.254499
1012       "g-y+er"    1    1.038244   3.880916   7.937593
1013     "er-ih+jh"    1    0.999973   0.999973   0.999973
1014       "r-ae+b"    1    1.000219   1.007928  13.003527
1015       "r-ae+d"    1    9.387496   7.853263   8.176625
1016     "er-ih+ng"    3    7.465839   9.303256  16.463011
1017       "r-ae+k"    2    2.000608   2.000175   2.001578
1018       "r-ae+n"    2    1.999695   1.999690   2.022344
1019       "r-ae+p"    1    1.002740   0.999943  10.295859
1020       "r-ae+v"    1    2.879898   1.148638  10.324570
1021      "y-uw+zh"    1    1.000000   2.959721   1.039716
1022       "s-eh+d"    1    2.953725   2.235825  10.980531
1023       "s-eh+l"    3    9.494703   4.942033  13.979212
1024       "s-eh+n"    2    7.785405   2.274529  12.933375
1025       "s-eh+p"    1    3.489759   1.420299   1.025495
1026       "s-eh+s"    2    6.363199   2.686877  22.922623
1027       "s-eh+t"    1    3.001430   1.225542  12.067648
1028       "s-eh+z"    1    2.987138   2.128401  17.737642
1029       "p-iy+d"    1    2.082603   5.700450   1.250019
1030       "p-iy+n"    2    5.136099   5.871443   9.838276
1031       "p-iy+p"    7   18.624298  47.641338  44.541245
1032       "m-p+ae"    1   18.885223   2.981666   1.117844
1033     "uw-zh+ah"    1   18.262928   5.366633  20.224796
1034      "n-er+ey"    1    8.891407   1.804705   1.001263
1035      "ih-p+er"    2    9.116273   4.894564   2.177259
1036      "hh-eh+d"    3    7.264283   8.379077  21.699314
1037      "hh-eh+l"    1    2.092727   3.749844   1.054809
1038      "hh-eh+r"    1    1.368714   1.263387   1.016999
1039       "ng-g+r"    1    0.999936   0.999936   0.999936
1040       "ah-b+l"    3    6.991886   3.997225  11.995547
1041       "ah-b+s"    1    3.816777   1.506926   1.102171
1042       "t-aa+p"    1    5.457336  11.781060   0.999843
1043       "t-aa+r"    4   19.474474  11.697410  35.496696
1044       "r-ah+l"    1    1.000022   1.000907   1.032287
1045       "r-ah+m"    4   10.037876   9.715639  17.830204
1046       "r-ah+n"    3   27.723782   4.886740   4.617712
1047       "r-ah+s"    1    0.999943   0.999951   1.002588
1048       "r-ah+t"    1    1.018250   1.044603   1.561800
1049       "p-ao+r"    3    4.136636   4.710173  29.428766
1050      "ng-b+er"    1    1.008217   2.818671   1.055944
1051         "z-er"    2   32.847618   9.020309  13.313220
1052      "m-ow+sh"    2    5.064179   2.520366   5.462914
1053      "s-aw+th"    1    5.221151   1.457061  15.368800
1054       "ah-d+l"    2    4.718980   6.747535   5.552607
1055      "d-er+eh"    2    5.988509   8.349861   2.989784
1056       "er-f+b"    1    6.476761   1.236921   3.709466
1057       "v-ih+n"    1    1.618601   1.785146   4.318346
1058       "v-ih+z"    1    3.112356   2.755936   2.096309
1059       "p-t+ah"    1    2.787588   1.366844   6.988072
1060       "n-ay+t"    2    9.094833   2.945719   9.950018
1061       "ng-k+s"    1    1.925594   1.027061   1.055858
1062       "r-iy+d"    3    5.999239   5.999444   5.378964
1063       "r-iy+k"    1    1.093465   4.128462   6.665323
1064       "r-iy+m"    3    8.000116  12.687104  10.741671
1065       "r-iy+s"    1    2.022291   2.974643   1.001657
1066       "r-iy+t"    1    1.003403   5.386048   1.357727
1067       "r-iy+w"    2    6.311781   5.480568   6.442689
1068       "r-iy+z"    5   13.169819  30.332865  36.576519
1069       "n-jh+d"    1    4.011847   9.810667   1.001009
1070      "ah-d+ah"    2    5.640896   2.890305   2.243865
1071      "ah-d+ay"    1    0.999855   0.999855   0.999855
1072      "ah-d+ey"    1    0.999853   0.999853   0.999853
1073     "ch-uw+ah"    1    3.501054   1.003768   0.999882
1074        "hh+aa"    1    0.999901   1.001313   1.000046
1075        "hh+ae"   19  200.699692 129.808868  73.673668
1076        "hh+ah"    1    1.011443   1.059118   1.017941
1077        "hh+ao"    2   42.554714  14.907375   8.334040
1078        "hh+aw"    2    2.008222   7.278247   2.869291
1079        "hh+ay"    3   56.046455  19.944094  18.722828
1080     "ow-sh+ah"    3   15.757781   7.236251  25.919439
1081        "hh+eh"    4   24.863844  13.598753   6.964699
1082        "hh+er"    7   76.716820  34.879581  22.387058
1083        "hh+ih"   14  153.970322  52.613956  46.459496
1084        "hh+iy"   44  312.296143 177.122009 310.939026
1085        "hh+ow"    3   41.703987  19.449434   7.982236
1086       "er-k+s"    1    1.029175   4.969622   0.999848
1087        "hh+uw"    4   46.603691  13.253638   5.280989
1088       "t-ah+b"    1    3.901820   2.343085   2.118800
1089       "t-ah+d"    5   39.739250  11.112595  14.066241
1090       "t-ah+f"    1    5.166371   1.693444  14.130228
1091       "t-ah+l"    3   16.590082   7.650711   7.899178
1092       "t-ah+m"    3   11.786788   7.222451  11.036144
1093       "t-ah+n"    7   28.659222  16.996460  46.990120
1094       "t-ah+r"    1    7.923007   1.036346   1.001422
1095       "t-ah+s"    2   10.250002   2.995954  15.251428
1096       "t-ah+w"    1    6.242574   1.359012   0.999910
1097       "r-ao+s"    1    2.218316   9.209120   1.000591
1098      "n-ah+jh"    1    1.002314   2.679620  10.181405
1099       "s-er+f"    1    6.350529   1.355872   1.071348
1100      "ao-ng+g"    2    1.999687   4.429073   2.000784
1101       "s-er+k"    1    6.633816   4.917841   1.157051
1102       "s-er+p"    2   12.426478   4.950397  14.620310
1103       "s-er+v"    1    7.013631   4.947886   1.091476
1104       "oy-n+t"    1    2.381604   2.536176   3.757667
1105      "n-ah+th"    3    3.999447   6.155452  31.707333
1106       "er-l+d"    1    1.024636   3.244367   8.582029
1107       "er-l+z"    1    2.364902  15.521075   1.025682
1108       "n-l+eh"    1    1.326135   1.076992  16.922188
1109       "n-l+iy"    3    3.203463   4.511704   7.074747
1110        "hh-aw"    1    3.925569   1.012052  34.914845
1111        "hh-ay"    1    3.267111  18.797689  17.984968
1112        "hh-er"    5   33.027088  55.655777  58.914371
1113       "ah-k+r"    1    2.218860   5.061882   7.019350
1114       "ah-k+t"    1    1.225213   1.017873   1.141914
1115       "ah-k+w"    2    2.499696   5.431296   5.938450
1116        "hh-iy"   41  142.149124 292.523621 711.567322
1117        "hh-uw"    4    7.583182   5.290023  56.998028
1118       "y-uw+z"    4    9.185088  16.702648   5.328393
1119      "f-ih+sh"    4   14.944124   7.372342  19.694197
1120      "hh-er+d"    2    7.975296  31.400927  18.317463
1121       "ah-l+d"    1    1.009725   1.608995  13.481371
1122       "ah-l+m"    1    1.009791   5.103809   3.054093
1123       "ah-l+z"    3    7.999709  11.136369  27.844931
1124       "r-t+ah"    1    1.901216   1.368760   9.831023
1125       "er-n+d"    1    3.696466   3.417202   4.319337
1126       "er-n+z"    2    4.935019   2.077867  23.927294
1127       "k-y+ah"    2    5.090949   2.876043   4.552080
1128       "p-ay+l"    1    1.022781   0.999779   1.000004
1129       "p-ay+n"    3    9.617295  33.790829  18.566559
1130       "ah-m+w"    2    7.422954   8.247084   2.062131
1131       "ah-m+y"    1    9.050193   1.090477   2.898939
1132       "ah-m+z"    1    1.253241   1.522424   1.207323
1133         "r+aa"    1    2.160003   2.849861   1.061403
1134         "r+ae"    2    2.266458   2.762330   4.571194
1135         "r+ah"    1    1.630953   3.434733   2.930900
1136         "r+ay"    4   12.223660  23.221441  17.616831
1137         "r+eh"    2    2.743399  19.399487   2.197892
1138         "r+ey"    6   21.892582  13.401787  41.823021
1139         "r+ih"    1    1.131009  18.282093   3.199555
1140         "r+iy"    3    7.444369   7.739387   4.127540
1141      "w-aa+ch"    1    1.000633   1.009339   1.055448
1142         "r+ow"    5   16.246021  13.921665   7.096346
1143       "w-eh+l"    1    1.011400   1.531334   6.239016
1144       "w-eh+n"   11   23.318476  31.646469  88.131454
1145       "w-eh+r"    1    1.075709   2.342660   6.843975
1146       "w-eh+s"    1    1.851998   4.629191  13.499829
1147       "ah-n+d"   24   60.822197  58.046341 136.984146
1148       "ah-n+f"    1    1.663348   1.057210   1.026111
1149       "ah-n+l"    1    3.204979   1.393482   1.030123
1150       "ah-n+n"    1    4.442413   1.008143   1.000410
1151       "ah-n+s"   10   26.141233  25.825052  81.875961
1152       "ah-n+t"   17   42.145714  43.146324 108.491165
1153       "ah-n+z"    5   15.461731   8.594089  20.636906
1154       "er-p+r"    2   15.423120   4.388473   2.403499
1155      "w-aa+sh"    2    3.440794   9.236215   2.003945
1156       "t-iy+n"    1    6.209723   4.984307   2.235693
1157      "aa-z+ah"    1    6.855150   1.192487   4.913180
1158     "iy-th+ih"    1   10.835537   1.722233   1.434145
1159         "r-iy"    5   25.826353  28.442049  53.334469
1160         "r-jh"    1    1.047843   1.813143   0.999943
1161       "l-d+ih"    1    4.770869   1.174399   2.795773
1162        "l-v+d"    1    1.043907   7.559377  18.372803
1163         "r-ow"    4   14.372741  50.439644  58.395813
1164       "ah-p+l"    1    9.112670   3.564522   1.384387
1165      "m-ih+ng"    4    6.745085  11.225643  16.000017
1166       "v-ah+l"    2    2.006660   2.006812   1.999828
1167       "t-ao+r"    3   17.000822  12.399918  25.295498
1168       "p-l+ah"    1    1.111220   0.999979   0.999979
1169       "p-l+ao"    1    1.226995   1.822298   1.293158
1170       "p-l+ay"    1    4.780403   1.020940   1.003429
1171       "er-s+p"    1    3.124898   3.109807   4.762783
1172       "er-s+t"    1    4.305960   3.456161   9.510653
1173      "k-ch+uw"    1    1.005779   1.017003  10.690276
1174       "z-ih+t"    1    3.119419   1.528847  10.350200
1175       "ah-s+l"    3   11.911061   7.235976  19.256634
1176       "ah-s+p"    1    3.959262   1.047593   8.941150
1177       "ah-s+t"    6   27.345339  33.801590  52.291431
1178       "t-t+ay"    1    1.262704   1.514800   1.222118
1179       "r-ay+m"    2    2.004264   2.000274  11.009831
1180       "r-ay+t"    3   11.730124  27.460152  22.657356
1181       "r-ay+z"    2    4.050248  22.553289  16.241554
1182       "eh-f+t"    2    5.988153   1.999738   1.999716
1183       "ah-t+s"    2   10.432985   2.333224   2.325988
1184       "m-y+uw"    1    1.000130   2.944224   3.921798
1185       "y-eh+s"    2    1.999945   2.113557   7.235304
1186       "y-eh+t"    2    2.000047   2.010600   8.723138
1187       "s-p+aa"    1    9.119048   1.727406   1.024691
1188       "s-p+ae"    1    1.067471   1.005149   1.007974
1189       "s-p+ah"    2   11.824360   2.183703   2.009946
1190       "s-p+ay"    1   11.001499   1.300213   1.161919
1191       "s-p+eh"    4   31.796711   4.200021   4.027395
1192       "s-p+er"    2    8.757778   6.817844   2.192613
1193       "s-p+ih"    2   36.202377   2.100406   2.011986
1194       "s-p+iy"    1    7.622346   1.004301   0.999974
1195       "ah-v+z"    1    1.202701   2.187570   1.695994
1196      "ng-k+ah"    1    3.015364   1.621293   2.349182
1197      "ng-k+ih"    1    1.489465   1.509637   1.000770
1198       "n-d+ah"    4    6.196874   4.152130   5.210796
1199       "n-d+er"   10   16.963436  13.999226  10.457653
1200        "ng-er"    1   13.666677   1.389231  14.018517
1201       "n-d+ih"    1    0.999965   0.999965   0.999965
1202       "n-d+iy"    1    1.677024   1.023897   0.999823
1203       "g-ow+l"    1    1.002097  17.321548  14.659513
1204       "g-ow+s"    1    1.006555   8.222845   8.901225
1205       "w-er+d"    1    2.284453   7.648508   2.855844
1206       "w-er+k"    3   16.571598   6.298315   7.563805
1207       "w-er+l"    1    1.087029   3.566526   4.373583
1208       "r-l+ih"    1    1.002489   1.154905  20.752893
1209       "t-aw+n"    1    5.081135   1.896027  30.973848
1210      "jh-oy+z"    2    3.380324  24.170496  44.381550
1211     "ow-ih+ng"    5   35.975929  19.332506  37.085117
1212       "eh-k+s"    1    1.251219   1.085750   1.000701
1213       "eh-k+t"    3    4.470204   3.314538   4.358542
1214       "d-v+ay"    1    1.017778   1.129101  10.887657
1215       "d-v+eh"    2    1.999784   3.001690   7.995911
1216       "eh-l+f"    1    1.409128  10.276890   1.354967
1217       "eh-l+p"    1    9.905110   6.073965   1.011212
1218       "eh-l+t"    1    1.237735   7.019355  14.845863
1219      "ah-m+aa"    1    4.172163   1.015380   4.629564
1220      "ah-m+ae"    1    4.912628   1.041638   1.462324
1221      "ah-m+ah"    1    1.617301   0.999975   1.000278
1222      "ah-m+ay"    1    3.970982   6.332742   3.968359
1223       "t-ay+m"    3   17.005407  32.668110  18.316313
1224      "ah-m+ey"    2   11.281307   5.599361   3.722415
1225      "ah-m+ih"    2   10.815186   6.906678   2.276322
1226      "ah-m+iy"    1    3.761628   5.507101   1.221970
1227      "ah-m+ow"    1    1.043084   1.000837   1.014453
1228      "ah-m+th"    1    5.063356   8.854657   1.030490
1229      "aa-r+jh"    1    2.836658   1.005278   1.359425
1230      "aa-r+ow"    1    1.029965   1.882278   8.827985
1231       "eh-n+d"    3   10.139951   5.887580  17.503227
1232       "eh-n+s"    4   13.576500   8.490415  14.910969
1233       "eh-n+t"    8   35.634045  16.727226  18.645138
1234       "eh-p+t"    4   13.955369   4.509749   6.252882
1235       "z-ah+l"    1    2.898748   1.840182  13.795570
1236       "z-ah+n"    1    3.541695   1.686027   2.852769
1237       "y-er+d"    1    1.768348  11.146042   8.911585
1238       "w-ey+t"    2    3.109944   4.882443  25.036409
1239       "w-ey+v"    1    9.276420   3.499783  12.129139
1240       "w-ey+z"    1    4.581922   1.170953  17.534935
1241       "t-l+iy"    1    1.000081   0.999992   0.999821
1242       "ih-d+z"    1    4.087136   0.999703   0.999703
1243       "eh-r+d"    1    1.000296   1.003841   7.876913
1244       "eh-s+t"    7   28.438187  17.093735  51.772774
1245       "v-ay+v"    1    7.729814  12.593637   6.664929
1246       "v-ay+z"    1    3.322223  13.349788   4.585589
1247     "ah-hh+eh"    1    0.999877   4.531001   3.440010
1248       "l-m+ah"    1    2.610101   1.846884   1.009898
1249     "aa-sh+ih"    1    8.253760   8.065675   1.047851
1250       "ih-g+l"    1    8.016638   2.064829   1.878050
1251       "ih-g+y"    1    1.122576   1.023158   1.011117
1252      "eh-k+ey"    1    6.069826   1.013123   4.885972
1253      "iy-k+ah"    1    1.005866   2.999210   0.999807
1254       "eh-v+r"    3   14.975675   9.409088   8.499610
1255      "eh-k+sh"    1    1.307326   1.005216   1.144442
1256       "r-d+er"    1    0.999878   0.999878   0.999878
1257      "uh-g+er"    1    6.559465   2.673708   1.441449
1258      "ow-b+aa"    4   10.335008   7.453657   5.486610
1259      "ay-er+d"    1    5.239582   7.268955   7.388522
1260      "ow-b+iy"    1    1.000090   0.999773   0.999772
1261        "er+aw"    4   16.999336   5.285911   4.321332
1262         "b+aa"    2    3.616449   8.297333   3.102763
1263         "b+ae"   10   24.277113  28.568571  50.828358
1264         "b+ah"   12   31.058920  42.214642 146.619293
1265         "b+ay"    3    6.008636   6.170235   5.819537
1266         "b+eh"    2    7.842446   6.253790  30.706408
1267         "b+er"    2    3.513782   7.430369   2.329781
1268         "b+ih"    6   17.081200  14.238304  42.434101
1269         "b+iy"   13   56.156723  53.120270  93.323578
1270         "b+oy"    1    1.014896   3.112670   6.852016
1271      "l-ih+ng"    5   14.773300  11.281714  14.837391
1272       "ih-k+l"    1    2.037891   1.084091   5.937874
1273       "ih-k+n"    1    1.253536   1.000852   1.274932
1274       "ih-k+s"    7   24.686926  13.944944  29.192081
1275       "aa-b+l"    1    4.733986   1.316510   0.999969
1276        "er-ch"    2    9.420016   5.903512   8.884916
1277        "er-iy"    8   25.816177  54.066845  91.840088
1278         "b-ay"    3   16.011829  27.985800  42.471634
1279       "ih-l+d"    1    1.264180   6.069625   1.003658
1280       "ih-l+y"    2    5.277689   7.297855   4.158548
1281        "er-th"    2    2.408157   2.493998   2.163923
1282         "b-iy"   10   60.625004  34.883926 168.822891
1283         "b-ow"    2    7.918731  30.205845  27.905931
1284       "ih-m+p"    3   26.189686   9.805060   5.166523
1285       "ih-m+s"    1    4.785138   1.285272   1.016628
1286       "g-r+ae"    1    2.012088   3.132086   8.504063
1287       "ih-n+f"    1    2.468536   2.839096   1.001227
1288       "ih-n+g"    1    4.384518   3.628222   1.512783
1289       "ih-n+k"    3   12.180243  14.425162   5.454287
1290       "ih-n+s"    2    4.324345   2.696872   8.075211
1291       "ih-n+t"    7   15.217536  13.908612  32.994514
1292       "g-r+ey"    1    0.999978   1.006192   4.998869
1293       "g-r+iy"    3    3.314026   3.952031  11.764667
1294       "g-r+ow"    2    2.016215   2.299457  11.314634
1295       "aa-f+t"    2   11.718681  15.367285   3.786404
1296        "r-g+y"    1    1.191102   1.006480   1.966496
1297       "ih-p+s"    1    5.616737   1.790795   1.299883
1298       "ih-p+t"    1   18.055267   1.530626   1.448151
1299       "m-ow+m"    1    4.189740   1.326621   4.530800
1300       "aa-g+z"    1   12.733779   1.211641   0.999835
1301         "s+aa"    4   14.986010  16.829130  28.051298
1302         "s+ae"    2    7.375313   7.801713  37.813122
1303         "s+ah"    6   21.185616  23.308697  55.751953
1304         "s+ao"    5   19.589931  28.025835  50.664734
1305         "s+aw"    3    9.723890   5.894945  38.703655
1306         "s+ay"    4   14.031066  12.317992  50.690063
1307      "k-sh+ah"    1    4.455317   2.506971   9.189245
1308         "s+eh"    7   51.251034  21.057909  55.437603
1309         "s+er"    5   21.088732  46.490711  19.081633
1310         "s+ih"    3    7.636823   7.085004  34.989300
1311         "s+iy"    4   13.768960  16.287901  32.039379
1312         "s+ow"    5   12.505683  77.557495  14.036839
1313         "s+uw"    2    4.067860  20.040468  10.226100
1314      "iy-ah+l"    1    0.999824   1.001757   1.001169
1315      "iy-ah+n"    2    2.019247   4.423450   2.092354
1316      "iy-ah+s"    1    1.000028   1.000143   8.270480
1317      "iy-ah+z"    1    1.000033   1.146083   8.783506
1318      "ah-v+er"    1    4.078074   1.066267   4.543224
1319      "ey-v+er"    1    4.235061   1.063722   3.607585
1320        "ah+dh"    3    6.143913   5.523299  14.262748
1321       "ih-r+z"    1    1.000186   1.000536  14.921173
1322        "ah+hh"    1    2.024679   2.034077   8.936488
1323         "s-ao"    4   19.001823  92.662323  53.010017
1324         "s-iy"    4   14.214428  11.020611  75.554886
1325         "s-ow"    5   25.111576 100.873306  43.402409
1326       "ih-s+k"    1    4.029211   2.251382   8.704771
1327       "ih-s+p"    3   13.044980  24.555941  11.106968
1328       "ih-s+t"    4   14.127460  11.078978  31.926264
1329        "r-k+t"    1    1.007804   1.000042   1.012827
1330        "r-k+y"    2   10.358934   3.888105   8.773553
1331      "k-ow+hh"    2    7.329541   3.902054   7.598542
1332       "ih-t+s"    1    4.862357   1.100847   3.271029
1333       "aa-k+s"    1    1.000727   1.795057  17.159893
1334        "ah-jh"    1    9.810867  17.900415   5.607943
1335      "b-er+th"    1    8.285570   1.618259   4.074317
1336       "aa-l+v"    1    1.024178   7.025849   1.114792
1337       "aa-m+p"    1    0.999977   1.000408   1.056806
1338      "s-er+iy"    1    5.099331   7.172768   0.999887
1339       "aa-n+d"    2    6.483744   2.267083  12.159983
1340       "aa-n+f"    1    1.002901   1.059567  14.570589
1341       "aa-n+s"    1    2.044608   1.176260   1.003104
1342       "aa-n+t"    4   11.151888  11.262931  19.102177
1343      "aa-b+ah"    1    3.727996   1.031430   0.999981
1344      "ih-z+ih"    1    3.105810   2.115320   6.795768
1345      "aa-b+iy"    1    4.018416   1.009090   0.999865
1346      "ng-l+iy"    1    5.984636   0.999983   0.999981
1347      "sh-uh+d"    2   11.780704  17.903854   2.001206
1348      "sh-uh+g"    1    3.515862   7.049770   1.754792
1349         "ih+f"    4   12.106653   7.289783  28.232855
1350         "ih+k"    4   12.332467   5.667905   8.025517
1351         "ih+m"    4   14.989556  11.834657  19.993761
1352         "ih+n"   32  102.993637  92.177925 244.549622
1353         "ih+t"   14   45.832397  32.917000 132.036194
1354         "ih+z"   11   39.410435  33.230106 125.753044
1355         "ih-d"   14   54.613510  96.768639 114.655754
1356         "ih-f"    3   18.573650   3.817153  11.981972
1357         "ih-g"    1    3.693509   0.999956   0.999979
1358         "ih-k"    3    9.377236   4.194591  29.655632
1359       "ih-z+d"    1    4.161849   3.542143   3.304444
1360         "ih-l"    6   20.621405  32.884399  59.655174
1361         "ih-m"    3   22.658533  39.501076  15.107911
1362         "ih-n"   20   67.811096  51.811176 173.617767
1363         "ih-r"    2    8.151562   3.040264  22.928215
1364         "ih-t"   16   93.405296  42.112499 116.751709
1365         "ih-v"    2   12.124706   2.028147  41.733616
1366         "ih-z"   21   71.497452  83.132790 292.184540
1367      "eh-t+iy"    1    7.408080   1.362451   2.966533
1368        "ay-er"    2   13.387646  29.235767  22.435244
1369       "aa-r+g"    1    1.001476   1.107339  11.466707
1370       "aa-r+k"    4    8.926936   9.485985  36.469051
1371       "aa-r+l"    1    1.006289   1.013164   2.519182
1372       "aa-r+t"    1    3.910233   1.016442   1.070089
1373       "aa-r+z"    3    7.034837   6.475905  19.264868
1374       "k-r+aa"    1    1.221222   2.317374   3.949683
1375       "k-r+ae"    1    1.110202   7.308986   1.402689
1376       "k-r+ah"    1    2.570603   1.080660   0.999930
1377       "k-r+ao"    1    1.132090   5.502178   2.095881
1378       "k-r+ay"    1    1.001481   1.085428  37.259682
1379      "ow-k+ah"    1    1.930920   2.092070   1.037400
1380       "k-r+eh"    1    1.000156   0.999805   0.999809
1381       "k-r+iy"    4    6.436051   7.294287  13.571890
1382         "k+aa"    4    7.156235  19.929607  39.745152
1383         "k+ae"    7   13.058968  10.224547  29.417707
1384         "k+ah"    8   21.828922  35.998127  31.298771
1385         "k+ao"    5   11.489720  19.691475  17.410944
1386         "k+eh"    1    9.283786   1.027771   1.852279
1387         "k+er"    1    1.000087   0.999974   1.000217
1388         "k+ey"    1   11.141301   2.916587   7.916863
1389         "k+ih"    1    2.163442   7.676161   1.043806
1390      "b-ah+jh"    1    4.783953   1.203652  13.203756
1391         "k+ow"    2    2.009798   5.003381   8.459017
1392         "k+uh"    6   25.339722  15.094991  26.225721
1393      "ah-n+ah"    1    1.000019   1.001061   6.729576
1394     "ay-ih+ng"    1    1.030806   1.265095   1.000386
1395      "ah-n+iy"    1    4.654922   1.338151   4.835911
1396      "ah-n+jh"    1    6.330407   5.525130   1.777996
1397      "aa-s+ah"    2    8.042551   7.960808  10.486067
1398      "ey-n+jh"    2    2.003190   2.001379  32.411205
1399      "aa-s+eh"    2    7.543174   5.227027  12.788235
1400      "er-s+er"    1    4.361691   9.240211   1.122323
1401         "k-aa"    1    1.010103   1.089915  12.179953
1402         "k-ay"    3    9.038639  47.137806  64.727188
1403         "aa+n"   17   68.866806  46.605934 186.071030
1404         "aa+r"    6   21.562151  21.655024  50.029663
1405         "aa-g"    1    3.119080   1.914142   3.062892
1406         "aa-k"    1    1.022882   1.044047   4.856675
1407         "aa-l"    1    1.016305   1.449903  20.058102
1408         "aa-n"   15   55.188145  56.616951 108.401268
1409         "aa-p"    1    3.768652  11.758874   5.396572
1410         "aa-r"    6   42.293270  13.457592  39.089600
1411         "aa-t"   20   87.663231  60.845306 124.809631
1412         "aa-z"   21   71.949730  57.829544 360.423065
1413       "f-uh+l"    1    5.079294  10.075609  18.780087
1414      "k-ih+ng"    3   13.188843   9.003558  14.922717
1415       "t-m+ah"    2    2.723373   7.633858   8.174674
1416         "ae+d"    3   10.909084  20.338316  11.228221
1417         "ae+f"    3    3.999875  10.998838  15.997858
1418         "ae+k"    2    3.498173   5.030675   9.016846
1419         "ae+n"    2    2.743991   6.298087  12.898554
1420         "ae+t"    9   21.105358  38.464115 128.989685
1421         "ae+z"   12   72.612663  65.438690 162.529465
1422         "ae-d"    9   42.940365  56.820450  86.532211
1423         "ae-g"    1    2.957326   3.487668   2.428362
1424         "ae-k"    3    5.036721   5.675836  25.130548
1425         "ae-n"    7   19.178202  21.574041  83.026680
1426         "ae-p"    1    2.777675   1.000121   1.001445
1427         "ae-t"   23  137.685486 106.272087 205.963806
1428         "ae-v"    9   42.648758  24.701923  93.459557
1429         "ae-z"   13   40.124432  32.715061 168.091995
1430      "ih-r+ah"    2    9.281408   2.347718   6.981217
1431      "ih-r+iy"    1    1.182025   1.007558   1.898731
1432      "dh-ae+n"    2    2.007502  12.567043  31.862242
1433      "dh-ae+t"   13   23.983019  58.681797 148.059113
1434       "z-d+ah"    1    0.999958   0.999971   0.999957
1435       "p-th+s"    1    9.689811   2.054972   0.999913
1436     "er-ey+sh"    1    1.925910   3.047687   2.089965
1437      "ae-b+ah"    1    2.780689   2.059736   5.856992
1438      "r-ih+jh"    3    6.457150   7.951091  27.066984
1439      "r-ih+ng"    3    5.639144   7.203990  16.733356
1440      "th-er+d"    1    6.002741   1.000015   1.000155
1441         "ah+b"    4   18.146105  10.598103  18.351507
1442         "ah+g"    2    8.506517   5.115284   4.013363
1443         "ah+k"    2    5.758099  11.069214  15.529433
1444         "ah+l"    1    2.253171   1.746394   1.008163
1445         "ah+m"    2    5.405652   4.778004   3.976607
1446         "ah+n"   20  101.835258  75.565689 166.599930
1447         "ah+p"    7   27.291870  25.260769  69.891212
1448         "ah+s"    1    6.980346   3.065454   9.954739
1449         "ah+t"    2    8.350130   5.599777   2.022902
1450         "ah+v"   20   68.593773  69.838120 180.118073
1451         "ah+w"    2    6.300863   3.607884  11.698271
1452         "ah-d"    7   25.044785  46.133068  38.442459
1453         "ah-f"    2   17.078627   2.384624   9.503311
1454         "ah-l"   16   36.864334  77.525642 179.604752
1455         "ah-m"    4   36.545643  36.682316  11.897602
1456         "ah-n"   20   54.962639  59.960903 196.440948
1457         "ah-p"    8   43.659107  15.806353  24.323977
1458         "ah-s"    7   28.511091  38.484028 118.008926
1459         "ah-t"   12   76.246765  35.877529 130.622879
1460         "ah-v"   21   46.310879 106.801132 197.870132
1461         "ah-z"    4   12.467491   7.883551  47.102497
1462      "p-ch+er"    1    1.002137   1.004813  12.259918
1463      "hh-ow+m"    1    6.978158   2.532003   1.026652
1464      "hh-ow+p"    2    8.381093  26.584049  13.009494
1465      "eh-l+ow"    1    1.002532   5.890874   1.103664
1466        "dh+ae"   15  116.364471  40.400692  63.853226
1467      "eh-l+th"    1    1.021832   1.705878  13.178551
1468        "dh+ah"  103  888.617920 333.916931 444.245544
1469        "dh+eh"   10   84.699516  19.285782  17.758873
1470        "dh+ey"   10  107.085754  34.944649  36.515816
1471      "er-ih+t"    1    1.000023   1.019524   2.299715
1472      "sh-uw+z"    1    2.343757   2.028882  15.765882
1473        "dh-ah"  103  341.971741 267.802490 1260.409790
1474        "dh-er"    3   42.965076  38.872883  28.152294
1475        "dh-ey"   10   15.818113  35.284386 268.239380
1476      "aa-k+ah"    1    1.109322   1.549956   1.532687
1477      "er-k+ah"    1    1.000942   1.024869   0.999949
1478         "iy+g"    1    3.999812   1.233421  16.088535
1479         "iy+t"    1    3.996351   2.139712   9.845212
1480         "iy+v"    1    4.018457   2.923500   8.474424
1481         "iy+z"    2   14.049711   2.930434   7.990779
1482       "b-eh+d"    1    8.929871   6.684120  14.654029
1483       "b-eh+r"    1    2.595266   2.172668  15.485628
1484         "iy-d"    2   10.904207   3.263386   2.358140
1485         "iy-m"    2    2.956682  12.723076  11.315084
1486         "iy-n"    1    4.188091   1.634030  26.639750
1487         "iy-p"    1    8.629891   0.999963   1.000077
1488         "iy-r"    3    8.982223   6.882427  30.549402
1489         "iy-t"    3   10.218760   5.905654  17.054237
1490         "iy-v"    2   13.568079   2.825813  13.140418
1491         "iy-z"    5   16.686260  33.947456  54.856758
1492      "r-iy+ah"    2    3.947300   6.488650   3.972028
1493      "ae-s+ah"    1    4.231430   1.017192  11.616750
1494      "r-iy+ey"    1    0.999993   2.534618   1.003318
1495      "r-iy+th"    1    1.006430   1.808163   4.183790
1496       "n-n+ow"    1    1.080104   1.000747   1.000205
1497         "ao+l"    9   94.625168  52.087692  50.582428
1498         "ao+r"    3   15.001464   8.506548  13.997782
1499         "ao-g"    2   35.474506   3.393312   4.228447
1500         "ao-k"    1    2.289156   1.006618   1.706226
1501         "ao-l"    8   24.306753  21.847361  91.887344
1502         "ao-r"   18   50.875633  48.277641 178.695053
1503         "ao-s"    1    3.020018  18.882416   4.371895
1504         "ao-t"    2    9.964952   4.158745  55.371849
1505         "ao-z"    1    2.976094   1.075128  15.285794
1506      "n-jh+ah"    1    1.038595   1.000197   1.001352
1507      "n-jh+er"    3    5.762910   6.418739   9.885549
1508      "n-jh+oy"    2    2.000026   1.999935   2.000045
